#bow at banff
2 0 0 24 2000 1 0
3070.3338 -6934.308 05BB001 #data to: 2016/12/31
3085.716 -6971.334 05BA001 #data to: 2019/10/31
15	-1
13.3	-1
11.8	-1
12.9	-1
13.5	-1
13	-1
13	-1
12.8	-1
12.6	-1
11.8	-1
10.4	-1
10.1	-1
10.6	-1
10.4	-1
10.4	-1
10.7	-1
10.9	-1
11.3	-1
10.5	-1
9.52	-1
10.2	-1
10.8	-1
10.1	-1
9.45	-1
9.03	-1
9.49	-1
10.2	-1
9.73	-1
9.14	-1
9.07	-1
9.11	-1
9.6	-1
9.89	-1
9.71	-1
9.21	-1
9.13	-1
9.33	-1
10	-1
10.2	-1
10.5	-1
10.1	-1
9	-1
8.8	-1
8.9	-1
9	-1
9.2	-1
9.5	-1
9.7	-1
10	-1
10.4	-1
10.8	-1
11.2	-1
11.5	-1
11.5	-1
11	-1
9.96	-1
9.42	-1
9.57	-1
9.73	-1
9.73	-1
9.65	-1
9.54	-1
9.48	-1
9.33	-1
9.27	-1
9.15	-1
9.14	-1
8.97	-1
9.2	-1
9.44	-1
9.41	-1
9.16	-1
8.99	-1
8.95	-1
8.79	-1
8.95	-1
8.91	-1
8.9	-1
9.01	-1
8.8	-1
8.94	-1
8.83	-1
9	-1
8.95	-1
8.98	-1
8.92	-1
8.99	-1
9.16	-1
9.08	-1
8.82	-1
8.79	-1
9	-1
9.22	-1
9.22	-1
9.43	-1
9.48	-1
9.15	-1
8.82	-1
9	-1
9.29	-1
9.31	-1
9.32	-1
9.26	-1
9.45	-1
8.4	-1
8.11	-1
9.42	-1
9.78	-1
9.57	-1
9.54	-1
9.96	-1
10.3	-1
11.1	-1
11.8	-1
11.7	-1
11.3	-1
10.9	-1
11	-1
11.7	-1
13.2	-1
13.3	-1
13.4	3.6
14.5	3.8
15.8	4.11
17.4	4.6
17.2	4.56
16.8	4.52
15.9	4.48
15.4	4.46
15.4	4.45
15.7	4.43
15.8	4.39
15	4.31
14.6	4.35
14.9	4.51
15.5	5.11
17.3	6.05
20.9	7.19
26.7	8.5
32	9.32
34.3	10.1
37.3	12
52.1	15.2
60.6	15.5
56.1	14.8
53.6	14
52.4	13.2
50.2	12.9
51.2	13.2
50.2	12.8
50.1	13.2
48.5	12.7
46.6	12.3
47.8	12.2
50.6	12.5
60.8	13.6
76	15.7
89.6	19.1
102	21.6
111	24.8
129	29.4
138	31.6
130	30.2
113	26
100	22.2
95.2	20.5
102	20.3
97.4	19.2
93.9	18.7
96.2	19.1
103	20.2
102	20
103	20.4
117	22.5
111	21.8
108	21.9
104	20.8
103	20.9
112	22.7
120	25.3
131	28.5
147	31.9
151	33.8
153	34.8
139	31.7
128	29.9
121	28.1
113	25.1
106	23.4
102	23
108	24.5
112	26.7
115	28.3
121	30.1
129	32.2
135	35.1
141	38
130	33.8
118	30.7
112	29.1
111	29.7
117	32.3
123	34.5
124	35.7
125	37.7
126	38.7
122	37.1
119	35.9
113	33.6
106	31.9
109	34.5
110	34.6
105	33.8
108	34.6
106	33.3
99.6	31.1
100	29.6
99.7	29.3
96.1	30.1
97.5	30.4
91.3	28.2
86.4	27.3
85.7	27.5
83.5	26.6
79.7	24.4
73.6	22
69.8	20.1
64.2	18
60.8	16.5
57.2	15.6
55.2	15.3
53.9	15
52.2	13.7
48.7	12.3
45.6	11.7
44.3	12.1
44.6	12.9
45.8	13.9
47.4	14.9
49.1	14.1
45.7	12.6
43.3	11.9
45	11.6
42.8	10.6
40.8	10.4
41.2	11
46.2	10.8
44.4	10
41.2	9.13
38.6	8.53
36.3	8.04
40.8	9.52
43.9	8.85
40.5	8.58
38.3	7.95
36.1	7.75
36.7	7.78
36.2	7.69
36.3	7.98
37.7	8.37
39.2	9.17
43.1	11.6
47.2	11.1
44.8	10.3
42.6	9.55
38.8	8.52
36.2	7.9
34.3	7.4
32.4	7.05
30.8	6.82
29.6	6.58
29	6.4
28.4	6.36
30.3	7.23
33.9	6.93
31.3	6.26
29.2	5.8
27.9	5.49
25.8	5.02
24.7	4.74
24.6	4.57
23.9	4.48
23.2	4.39
22.7	4.33
22.3	4.18
21.6	4.05
21.1	3.94
20.7	3.93
20.4	3.83
19.9	3.73
19.7	3.84
20.3	4.39
21.9	4.55
20.9	4.4
21	4.47
20	4.08
19.3	3.94
19	3.82
18.6	3.71
18.2	3.6
18	3.52
17.7	3.5
17.5	3.43
17.1	3.3
16.2	3.18
16.3	-1
14.8	-1
14.9	-1
16.2	-1
15.7	-1
12.6	-1
11.4	-1
11	-1
10.4	-1
10	-1
9.88	-1
9.52	-1
9.61	-1
9.58	-1
9.89	-1
10.3	-1
10.1	-1
10.5	-1
10.8	-1
10.4	-1
10.4	-1
10.9	-1
11.2	-1
12	-1
12.6	-1
13	-1
13.2	-1
12.9	-1
12.2	-1
12.7	-1
12.6	-1
12.4	-1
12.6	-1
11.3	-1
11.3	-1
10.1	-1
9.66	-1
8.6	-1
8.49	-1
7.99	-1
7.88	-1
7.96	-1
8.08	-1
8.24	-1
8.55	-1
8.63	-1
9.04	-1
9.36	-1
10.1	-1
10	-1
9.46	-1
10.1	-1
10.6	-1
10.9	-1
10.9	-1
10.9	-1
10.8	-1
10.7	-1
10.4	-1
10.2	-1
9.85	-1
10.2	-1
10	-1
10.1	-1
9.99	-1
9.69	-1
9.51	-1
8.9	-1
8.7	-1
9	-1
8.92	-1
8.44	-1
8.56	-1
8.4	-1
8.51	-1
8.59	-1
8.24	-1
8.49	-1
8.52	-1
8.57	-1
8.62	-1
8.55	-1
8.42	-1
7.86	-1
7.88	-1
8.6	-1
8.77	-1
8.26	-1
8.1	-1
8.43	-1
8.62	-1
8.45	-1
8.45	-1
8.51	-1
8.28	-1
7.94	-1
7.82	-1
7.46	-1
7.13	-1
6.97	-1
7.54	-1
7.47	-1
7.83	-1
7.89	-1
7.85	-1
8.02	-1
8.14	-1
7.65	-1
7.74	-1
7.8	-1
7.9	-1
8	-1
8	-1
7.9	-1
7.8	-1
7.6	-1
7.3	-1
7.2	-1
7.2	-1
7.3	-1
7.5	-1
7.2	-1
7	-1
6.8	-1
6.9	-1
7.2	-1
7.4	-1
7.32	-1
6.62	-1
6.3	-1
6.39	-1
6.44	-1
6.49	-1
6.45	-1
6.27	-1
6.4	-1
6.64	-1
6.71	-1
6.9	-1
6.82	-1
6.86	-1
6.75	-1
6.37	-1
6.77	-1
7.23	-1
7.45	-1
7.29	-1
7.41	-1
7.35	-1
7.25	-1
7.04	-1
7.13	-1
7.29	-1
7.22	-1
7.06	-1
7.05	-1
7.17	-1
7.18	-1
7.28	-1
7.41	-1
7.78	-1
7.39	-1
7.16	-1
7.17	-1
7.2	-1
7.24	-1
7.22	-1
7.42	-1
7.57	-1
7.62	-1
7.64	-1
7.66	-1
7.7	-1
7.8	-1
7.99	-1
8.34	-1
8.84	-1
9.87	-1
12.7	-1
15.3	-1
13.8	-1
12	3.01
10.9	2.85
10.3	2.72
10.4	2.8
11.4	3.02
11.9	3.6
11.4	3.4
11.1	3.26
11.9	3.75
12.2	3.68
10.8	3.48
10.4	3.68
16.5	6.46
36.4	7.02
31.4	7.32
27.7	6.97
22.7	6.46
19.3	5.81
17.4	5.4
15.8	4.93
14.8	4.55
15.6	4.79
40.1	6.28
90.5	14.2
145	26.4
140	28.5
133	29.3
157	34.9
165	36.6
113	28.2
88.1	21.9
88.3	19.8
122	26
110	23.9
89.3	20.1
86.5	18.6
92.9	19.2
91.3	18.8
82.4	17.5
80.5	17.1
82.8	17.2
75.8	15.7
70.4	14.8
64.6	13.2
62.9	12.8
69.1	13.7
74.8	13.6
70.5	13.1
68.3	13.5
67.5	12.9
71.3	13.6
79.9	15.6
95.4	19.1
103	21.8
97.5	21.1
90.6	20.3
83.7	18.1
75.1	16.1
77.9	17.1
88.4	20.3
87.9	21.1
87.8	22.4
90.8	23.4
87.7	23.3
88.1	24.8
93.1	27.4
92.8	26.7
85.9	25.2
82.9	24.9
83.5	25.4
83.6	26.2
82.9	27.2
82.8	26.9
82	26.3
79.8	25.6
76	24.7
72	23.4
71.3	22.8
69.8	20.8
65.4	18.8
60.7	17.2
57.3	16.3
58.4	17.4
60	18.5
64.7	21.9
71.7	22.4
66.4	20.6
62.1	19.5
60.5	19.5
62.3	19.5
59	18.2
56.3	17.3
54.4	17.1
52.6	16.7
51.6	17.4
53.9	19.9
56.2	20.2
55.5	21.3
57.6	23
59	22.4
56.1	21
53.8	20.2
52.4	19.8
51.5	19.6
50.7	19.9
51.5	20.7
51.7	21.1
51.6	20.8
51.3	20.6
51	20.8
51.2	19.9
47.7	17.3
43.3	15.2
39.9	13.8
38.2	14
39.8	13.3
36.6	11.5
33.1	10.8
31.9	11.4
33	12.1
33.7	12.6
34.2	13
34.3	14
36.5	15.3
40.2	14.7
36.3	12.6
32.8	10.9
31.6	9.73
29.3	8.49
27.1	7.51
25.3	6.66
23.5	6.11
22.1	5.72
21.2	5.37
20.5	5.27
20	5.52
19.9	5.78
20	6.4
20.7	7.12
21.8	7.92
24	8.95
26.7	8.85
27.3	7.98
25.1	7.22
23.4	6.76
22.3	6.84
22.2	7.09
22.4	7.34
22.8	7.92
24.3	8.21
24.2	7.42
22.6	6.65
21.1	6.09
20.1	5.7
19.5	5.28
18.6	4.81
17.9	4.34
17.1	3.98
16.5	3.78
16	3.62
15.5	3.48
15.1	3.32
14.8	3.18
14.6	3.06
14.4	2.96
14.3	2.91
14	2.78
13.2	2.62
13	2.6
13.7	2.7
13.3	2.65
13.1	2.62
12.9	2.58
12.6	2.54
12.7	2.58
12.6	2.62
12.5	2.55
12.2	2.5
12.1	2.48
12.9	2.88
13.2	2.6
11.4	2.65
11.6	3.43
12.3	3.2
12.4	-1
11.9	-1
11.6	-1
11.3	-1
11	-1
10.5	-1
9.8	-1
9.8	-1
11.2	-1
10.6	-1
9.98	-1
9.87	-1
10.8	-1
11.2	-1
11.2	-1
11.9	-1
11.8	-1
9.8	-1
10.5	-1
10.7	-1
11.3	-1
10.8	-1
10.4	-1
10.2	-1
9.15	-1
8.14	-1
7.73	-1
7.72	-1
7.42	-1
7.42	-1
7.64	-1
8.23	-1
8.74	-1
8.68	-1
8.32	-1
7.82	-1
8.41	-1
9.04	-1
9.43	-1
8.53	-1
8.17	-1
8.05	-1
8.38	-1
8.81	-1
8.72	-1
8.66	-1
8.64	-1
8.18	-1
7.8	-1
7.45	-1
6.87	-1
6.51	-1
6.59	-1
6.79	-1
6.98	-1
7.13	-1
7.25	-1
7.29	-1
7.27	-1
7.21	-1
7.17	-1
7.02	-1
7.1	-1
7.31	-1
7.64	-1
7.8	-1
7.92	-1
8.11	-1
8.19	-1
7.9	-1
7.7	-1
7.54	-1
7.51	-1
7.41	-1
6.83	-1
6.2	-1
6.35	-1
6.78	-1
6.6	-1
6.84	-1
7.04	-1
7.1	-1
6.86	-1
6.77	-1
7.03	-1
7.01	-1
6.36	-1
6.56	-1
7.08	-1
7.49	-1
7.7	-1
7.81	-1
8.07	-1
8.17	-1
8.08	-1
8	-1
7.95	-1
7.93	-1
7.85	-1
7.85	-1
7.54	-1
7.5	-1
7.36	-1
7.01	-1
7.03	-1
7.05	-1
7.24	-1
7.19	-1
7.33	-1
7.2	-1
6.95	-1
6.91	-1
6.8	-1
6.83	-1
6.56	-1
6.24	-1
6.12	-1
6.11	-1
6.03	-1
6.01	-1
5.93	-1
5.88	-1
6.09	-1
6.26	-1
5.93	-1
6.22	-1
6.25	-1
6.47	-1
6.02	-1
6.09	-1
6.28	-1
6.17	-1
6.27	-1
5.99	-1
5.82	-1
5.75	-1
5.58	-1
5.94	-1
6.06	-1
6.09	-1
6.41	-1
6.86	-1
7.36	-1
7.34	-1
7.04	-1
6.63	-1
6.33	-1
6.24	-1
6.12	-1
6.07	-1
6.16	-1
6.23	-1
5.99	-1
6.17	-1
6.25	-1
6.5	-1
6.87	-1
7.04	-1
6.92	-1
6.93	-1
7.09	-1
7.35	-1
7.72	-1
8.48	-1
8.99	-1
8.69	-1
8.33	-1
8.15	-1
8.08	-1
8.17	-1
8.44	-1
8.76	-1
8.84	-1
8.75	-1
8.28	-1
7.94	-1
7.94	-1
7.78	-1
7.8	-1
7.98	-1
8.28	-1
8.53	1.8
8.57	1.85
8.99	1.9
8.7	1.85
8.46	1.8
8.27	1.75
8.08	1.76
7.77	1.78
7.65	1.74
7.65	1.76
7.69	1.99
7.85	2.26
8.38	2.62
9.65	2.91
10.4	2.54
10	2.42
9.71	2.53
9.78	2.73
10.2	3.46
16.3	5.6
46.5	8.49
53.3	9.21
40.9	8.69
33.5	8.46
29.3	8.58
28	9.04
31.7	9.86
42.7	11.2
56.9	14.8
77.5	18.2
86.9	20
82	19.9
80	19.7
79.8	20.4
84.6	21.7
91.4	23.6
115	26.2
99	24.4
83.3	21.7
71.5	19.2
66.2	17.5
64.8	16.7
67.2	17.4
92.4	21.3
132	28.3
167	36.1
195	44.3
214	47.9
209	46.9
192	42.6
163	37.1
159	35.1
166	36
184	39.1
192	42.6
201	45.1
205	47.1
215	50.5
224	55.9
226	57.7
207	52.9
166	42.9
132	34.4
113	28.7
104	26.9
96.5	25
85.9	21.7
81	20.3
91.8	23.9
113	31.1
121	34.8
126	37.9
136	41.9
140	43.8
140	45.1
139	44.4
125	40.6
115	38.1
112	37.7
109	37
105	36
95	32.2
85.1	29.2
79.9	28.1
77.9	28.2
79.5	29.5
85.6	33.6
91	33.5
81.4	30.1
73.7	27
66.6	23.2
59.8	19.7
53.3	16.7
50.8	17.2
54.6	16.8
48.8	15
46.5	14.2
44.7	13.6
42.6	13
40.5	12.5
39.2	12.6
39.3	13.7
41.4	14.2
40.8	14.3
40	15.4
43.1	17.5
45.6	17.5
45.6	16.7
42.4	14.9
39.1	13.8
37.4	13.5
36.9	13.6
36.6	13.8
36.5	14.2
36.8	15
38.2	16.4
41.8	19
44.2	19.6
44.7	20
44.2	20
44.2	20.1
44.5	20.6
44.7	19
46.3	22.3
49.2	18.8
49.4	18.9
54.4	17.9
48.2	15.2
45.6	14.1
42.4	12.7
39.4	11.5
36.4	10.5
34	10
32.8	10.2
32.4	10.7
32.5	11.3
32.7	11.3
32.4	11.7
32.4	11.7
31.9	11
30.8	10.1
29.5	9.64
29.4	9.44
28	8.55
26.6	7.83
25.5	7.47
25.5	7.7
25	7.13
24.1	6.84
24.1	6.63
23.4	6.33
22.9	6.52
26	7.17
25	6.75
23.7	6.34
23.1	6.08
22.7	5.83
22.1	5.69
21.8	5.68
22.1	5.81
22.5	5.66
21.8	5.53
21	5.49
20.5	5.4
19.5	5
19.9	4.9
19.5	4.91
19.1	4.76
18.8	4.63
18.4	4.53
18.1	4.38
17.7	4.3
17.5	4.22
17.2	4.17
17.1	4.08
16.1	3.89
14.7	3.7
14.3	3.54
14.4	3.3
13.8	3.1
13.6	2.93
13.1	2.8
10.9	2.7
10.2	2.6
11	-1
11.3	-1
11.2	-1
11.3	-1
11.4	-1
12.1	-1
13	-1
13.2	-1
13.3	-1
13.2	-1
12.9	-1
12.5	-1
12.3	-1
12.1	-1
12	-1
11.7	-1
11.8	-1
11.7	-1
11.7	-1
11.7	-1
11.6	-1
11.5	-1
11.1	-1
8.86	-1
7.97	-1
8.53	-1
9.8	-1
10.3	-1
10.2	-1
9.92	-1
9.53	-1
9.51	-1
9.84	-1
8.82	-1
7.49	-1
7.99	-1
7.93	-1
8.36	-1
8.63	-1
8.82	-1
9.51	-1
9.5	-1
9.89	-1
9.9	-1
10	-1
10	-1
9.86	-1
9.21	-1
8.8	-1
7.85	-1
7.37	-1
7.06	-1
7.36	-1
7.24	-1
7.46	-1
8.08	-1
8.53	-1
8.72	-1
8.95	-1
8.92	-1
8.98	-1
8.89	-1
9.12	-1
9.37	-1
9.4	-1
9.54	-1
9.44	-1
9.21	-1
9.03	-1
8.35	-1
7.49	-1
7.48	-1
8.58	-1
8.94	-1
8.55	-1
8.65	-1
8.53	-1
8.36	-1
8.35	-1
8.44	-1
8.6	-1
8.35	-1
7.45	-1
8.11	-1
8.72	-1
8.7	-1
8.79	-1
8.92	-1
8.65	-1
8.32	-1
8.35	-1
8.36	-1
8.25	-1
7.98	-1
7.82	-1
7.78	-1
7.56	-1
7.16	-1
7.11	-1
7.29	-1
7.43	-1
7.36	-1
7.09	-1
7.04	-1
6.74	-1
6.84	-1
6.87	-1
6.95	-1
6.91	-1
6.71	-1
6.65	-1
6.67	-1
6.27	-1
5.93	-1
5.64	-1
6.33	-1
6.45	-1
6.67	-1
6.92	-1
6.77	-1
6.89	-1
6.84	-1
6.79	-1
6.4	-1
6.85	-1
6.3	-1
6.25	-1
6.5	-1
6.9	-1
7.46	-1
7.82	-1
8.05	-1
8.7	-1
8.64	-1
8.25	-1
7.82	-1
7.75	-1
7.71	-1
7.89	-1
7.79	-1
7.89	-1
7.93	-1
8.01	-1
7.86	-1
7.74	-1
7.77	-1
7.84	-1
7.8	-1
7.85	-1
7.97	-1
8.39	-1
8.28	-1
7.96	-1
7.68	-1
7.68	-1
7.8	-1
7.75	-1
8	-1
8.25	-1
8.76	-1
8.83	-1
9.11	-1
9.23	-1
9.58	-1
9.92	-1
9.76	-1
9.74	-1
9.42	-1
9.11	-1
8.94	-1
9.09	-1
9.6	-1
10.2	-1
11.3	-1
12.4	-1
23.8	-1
29.9	-1
26	-1
23	-1
20.4	-1
18.6	-1
18.5	4.58
19.1	4.75
19.8	4.46
18.6	4.2
17.5	4.03
17	3.74
16.2	3.46
15.4	3.28
14.8	3.11
14.5	3.22
14.5	3.64
15.7	4.32
17.6	5.08
20	5.59
23.5	6.4
24	5.74
21.7	5.3
20.3	5.01
18.8	4.63
18.1	4.46
17.7	4.49
17.9	4.83
19.6	5.84
26.7	8.52
78.3	15.3
139	23.4
133	27.7
126	28.6
138	30.6
147	31.6
148	31.9
149	32.8
157	34.3
140	32.2
123	29
122	27.8
123	28.5
129	29.2
147	32
153	33.3
152	34.3
164	35.4
148	33.4
142	33.3
147	35
136	32.6
121	29
119	28.2
129	30.4
150	36.1
157	38.2
153	36.2
133	32.2
116	27.8
102	24.1
91.4	21.6
89	21.6
94.7	24.2
98.4	25.8
98.8	27
104	29.3
109	30
99.7	28.3
88.4	24.5
75.7	20.9
72.4	20.8
74.9	20.9
70.7	20.6
70.7	21.4
73.7	21.9
68.8	20.7
68.4	22.2
74.2	25.3
84.6	29.7
87.2	28.6
78.8	26.4
74.1	25.8
75.2	27.2
74.5	26.4
70.1	25.5
68.9	25.6
69.3	25.6
68.7	26
70	26.5
69.2	26.1
66.2	25
62.7	23.2
59.2	22.6
58.9	23.4
59.7	23.9
60.1	24.5
60	24.8
61.3	25.5
61.7	25.9
60	24.7
57.2	23.3
54.7	22.6
53.6	22.6
53.3	23.8
53.6	23.5
52.3	23.1
51.7	23.4
52.3	23.1
50.3	21.3
47.2	19.9
44.8	18.9
43.4	18.7
43.3	19.7
45.5	20.9
46.6	22.1
48.4	22.4
47.9	21.6
45.2	20.5
44	20.2
43.4	19.8
41.2	17.6
38	15.5
35.7	15.6
37.4	15.7
38.4	15.4
36.2	14.9
35	14.6
34.4	14.7
34.3	14.6
33.9	14.4
33.5	14.7
34.1	15.7
35	16
35	16
35.1	15.6
35.7	15.8
39.7	15.3
37.2	12.9
33.7	11.8
33.5	10.2
30.7	8.7
28.6	7.79
28.2	7.42
28.7	7.42
27.7	6.87
26.4	6.36
25.5	6.24
25.4	6.02
24.5	5.7
23.7	5.5
23.8	5.81
24.2	5.62
23.5	5.49
23	5.36
22.4	5.24
22.1	5.25
21.9	5.21
21.6	5.06
21.2	4.95
20.8	4.88
20.5	4.89
20.3	4.92
20.1	4.88
19.9	4.9
19.8	5.11
20	5.29
20.4	5.39
20.1	5.13
19.5	4.92
19.1	4.87
19	4.91
18.7	4.73
18.1	4.46
17.8	4.46
20.2	6.05
31.1	8.7
30.6	8.62
29.2	9.47
42.8	17
75.4	25.2
76.5	25.7
69.7	23.1
58.1	19.3
50.9	16.7
46.2	15.1
43.1	14
40.2	12.6
33.7	11
26.5	10.5
28.7	-1
28.3	-1
25.4	-1
21.2	-1
18.1	-1
16.4	-1
16	-1
16.5	-1
18.1	-1
22.4	-1
24	-1
22.9	-1
21.9	-1
21.1	-1
20.7	-1
22.2	-1
22.7	-1
22.2	-1
21.2	-1
19	-1
17.4	-1
14.6	-1
13.4	-1
17.1	-1
17.5	-1
17.7	-1
17.5	-1
18	-1
17.7	-1
16.5	-1
15.7	-1
14.3	-1
15.6	-1
16.7	-1
16.2	-1
16.3	-1
16.4	-1
15.6	-1
15.5	-1
15	-1
13.5	-1
12.4	-1
13.1	-1
14	-1
14	-1
14	-1
13.7	-1
13.6	-1
13.2	-1
12.7	-1
12.3	-1
11.9	-1
11.2	-1
11.2	-1
11.7	-1
11.4	-1
10.2	-1
8.85	-1
9.18	-1
9.35	-1
9.52	-1
9.53	-1
9.71	-1
9.68	-1
8.96	-1
8.69	-1
8.79	-1
9.02	-1
9.48	-1
10	-1
10.3	-1
10.6	-1
10.5	-1
10.5	-1
10.4	-1
9.99	-1
9.56	-1
9.47	-1
9.63	-1
9.42	-1
8.98	-1
8.56	-1
8.69	-1
8.87	-1
8.66	-1
8.2	-1
7.8	-1
8	-1
8.2	-1
8.4	-1
8.97	-1
9.36	-1
9.6	-1
9.35	-1
9.09	-1
9.4	-1
9.63	-1
9.3	-1
9.36	-1
9.49	-1
9.12	-1
9.25	-1
9.16	-1
8.96	-1
9.19	-1
9.06	-1
9.84	-1
10.2	-1
9.82	-1
9.75	-1
9.47	-1
9.13	-1
8.83	-1
8.67	-1
8.57	-1
8.75	-1
8.66	-1
8.72	-1
8.69	-1
8.57	-1
8.48	-1
8.48	-1
8.28	-1
7.96	-1
8.34	-1
8.24	-1
8.17	-1
8.15	-1
8.27	-1
8.38	-1
8.23	-1
8.38	-1
8.62	-1
8.52	-1
8.3	-1
8.18	-1
8.24	-1
8.29	-1
8.29	-1
8.22	-1
7.99	-1
8.11	-1
8.57	-1
8.63	-1
8.64	-1
8.58	-1
8.53	-1
8.48	-1
8.45	-1
8.58	-1
8.82	-1
9.72	-1
9.57	-1
9.05	-1
8.98	-1
9.35	-1
9.41	-1
9.48	-1
9.81	-1
10	-1
10	-1
9.89	-1
10.1	-1
10.8	-1
11.6	-1
12.5	-1
13	-1
12.7	-1
12.3	-1
12.1	-1
11.9	-1
11.8	-1
11.7	-1
11.9	-1
12.3	-1
12.9	-1
12.7	-1
13	-1
15.4	-1
17.7	-1
17.7	-1
17.9	-1
19.6	6.03
24.1	6.98
27.9	7.45
30	9.07
32.8	9.66
30.7	8.88
28.4	8.53
27.5	8.69
30	9.76
30.9	9.65
29.9	9.31
28.2	8.48
26.3	7.73
25	7.31
24.2	7.17
24.2	7.22
25.3	7.42
28.8	8.13
34.8	9.39
44.3	12.5
51	14.6
47.6	14.3
42.9	13.3
39	12
36.5	11.1
35.7	10.7
37.5	10.8
39.1	11.2
42.9	11.7
42.6	11.3
41.8	10.9
41.1	10.7
41.4	10.7
43.3	10.8
55.9	12.1
78.1	15.6
108	22
116	26.4
109	25.5
101	23.8
106	23.9
145	29.3
162	33.4
155	34.1
141	31.2
117	26.4
98.9	22.6
91.9	20.7
89.5	19.9
91.5	19.9
99.2	22.2
116	26.2
129	30
145	34.4
153	38.4
147	38.5
144	38.1
137	36.5
125	34.3
124	34.3
131	36
147	37.7
146	39.4
147	40
149	38.8
142	34.4
124	32
119	31.3
110	27.4
96.6	23.3
86	20.9
84.2	21.6
83.8	21.4
76.3	21.6
75	22.3
76.8	23.6
79.6	25.2
82.9	27.3
86.4	29.2
89.1	31.1
94.7	33.2
90.1	31.1
79.7	27.9
73	26.1
69.3	25.4
68	25.7
68.5	25.5
65.4	23.5
59.8	21.7
56.6	21.3
56.5	22.6
57.9	22.5
55.8	21.7
53.7	21.4
53.2	21.4
53.3	21.5
54.9	22.3
55	23
54.2	21.9
53.7	21.4
51.6	20.7
49.1	19.9
47.4	19.8
46.9	20.1
47.3	21
48.6	22.4
50.8	23.4
53.4	24.2
55.2	24.7
55.9	25.3
54.4	24.6
53.5	23.7
51.9	23.6
68.4	27
73.8	23.2
70.2	21.5
73	18.1
66.4	16.7
65.8	16.6
65.3	18.4
65.4	17.9
65.9	23.3
67.2	23.2
64.4	22.2
64.3	20.4
61.4	17.4
57.8	15.6
57	14.4
52.8	12.6
48.9	11.3
45.3	10.3
44.7	10.5
45.4	11.2
46.5	13
53.9	14.1
50.9	13
47.3	11.9
44.5	11
42.4	10.4
41.2	10
41	10.3
42.5	10.1
39.8	9.5
37.5	8.85
36.5	8.77
36.7	8.66
35.5	8.35
34.4	8
33.7	7.88
33.3	7.83
32.7	7.76
32.7	8.59
34.5	8.76
32.9	8.06
31.8	7.61
30.9	7.31
30	7.06
29.3	6.85
28.8	7.14
30	7.42
29.1	7.01
28.6	7.33
29	7.14
27.9	6.79
27	6.53
26.4	6.28
26.6	8.93
32.2	9.2
31.7	9.04
30.8	8.3
30	7.9
29.1	7.5
28	7.06
27.8	6.96
27.1	6.64
26.8	6.48
25.9	6.2
24.8	5.8
24.5	5.6
22.2	5
22.5	5.1
23.7	5.07
22.7	4.8
22	4.6
20.5	-1
21.9	-1
21.1	-1
21.2	-1
20.9	-1
22.2	-1
21.7	-1
21.1	-1
21.1	-1
20.8	-1
19.5	-1
17.2	-1
17.8	-1
18.3	-1
19.4	-1
19.8	-1
18.7	-1
16.9	-1
16.7	-1
16.4	-1
15.8	-1
15.2	-1
14.6	-1
13.9	-1
16.8	-1
14.6	-1
13.1	-1
12.5	-1
11	-1
11.4	-1
12	-1
13.1	-1
15.1	-1
15.7	-1
15.2	-1
13.7	-1
13.3	-1
13.6	-1
14	-1
14.6	-1
15.8	-1
13.7	-1
11.6	-1
13.6	-1
15.6	-1
14.3	-1
14.2	-1
13.6	-1
14	-1
13.9	-1
12.9	-1
11.6	-1
10.2	-1
10.4	-1
11.8	-1
12.1	-1
11.5	-1
11.1	-1
10.7	-1
10.3	-1
10.1	-1
10.2	-1
10.7	-1
9.9	-1
9.51	-1
9.27	-1
9.55	-1
10.1	-1
10	-1
10	-1
9.91	-1
9.75	-1
9.72	-1
9.44	-1
9.24	-1
9.33	-1
9.53	-1
9.82	-1
10.1	-1
10.5	-1
10.9	-1
11	-1
10.7	-1
10.9	-1
11.3	-1
11.3	-1
11.4	-1
11.6	-1
11.7	-1
11.6	-1
11.6	-1
11.5	-1
11.4	-1
11.6	-1
11.5	-1
11.3	-1
10.5	-1
9.96	-1
9.51	-1
9.3	-1
9.65	-1
10.2	-1
10.5	-1
10.2	-1
10.7	-1
10.1	-1
9.23	-1
8.97	-1
9.15	-1
9.25	-1
9.26	-1
9.27	-1
9.42	-1
9.36	-1
9.56	-1
9.57	-1
9.42	-1
9.42	-1
9.13	-1
9.04	-1
9.22	-1
9.15	-1
9.13	-1
9.02	-1
9.14	-1
9.34	-1
9.24	-1
9.03	-1
9.34	-1
9.34	-1
9.41	-1
9.5	-1
9.41	-1
9.33	-1
9.28	-1
9.24	-1
9.18	-1
8.9	-1
8.6	-1
9.1	-1
9.42	-1
9.05	-1
8.62	-1
8.44	-1
8.96	-1
8.8	-1
8.81	-1
8.91	-1
8.88	-1
8.83	-1
8.68	-1
8.77	-1
8.83	-1
8.68	-1
8.76	-1
8.85	-1
8.82	-1
9.01	-1
9.72	-1
9.75	-1
9.48	-1
9.49	-1
9.41	-1
9.23	-1
9.14	-1
9.01	-1
9.12	-1
9.76	-1
9.67	-1
9.55	-1
9.91	-1
10.7	-1
12.1	-1
14.7	-1
18.5	-1
22.3	-1
28.8	-1
31.7	-1
29.6	-1
26.1	-1
24.1	-1
22.5	6.17
21	5.98
20.9	6.14
21.3	6.36
22.4	6.89
25.5	7.66
29.5	8.82
34.3	10.1
38.5	11.1
38.8	11.3
36.6	11.2
37.3	11.7
42.8	13
53.5	15.6
68.9	18.7
80.9	21.6
104	26
103	25.8
90.2	23.7
78.7	20.9
69.1	18.4
61.6	16.3
56.6	14.6
51.4	13.2
48.1	12.2
47.5	12
52.8	12.5
64.1	14.3
79.7	17.4
92.5	21.1
104	25.9
111	29.1
110	28.9
116	29.2
121	30.2
129	32.5
131	33.4
130	31.5
118	28.1
107	25.7
100	24.9
99	24.8
97.7	23.8
97.6	23.3
94	21.8
85.6	20
77.1	17.7
75.8	16.8
134	22.7
142	22.7
139	21.9
144	22.7
160	28.5
167	30.7
141	26.8
123	24.9
116	23.4
108	22.6
114	24.6
121	26.4
122	28.3
127	30.1
122	29.2
110	26.4
98.4	23.7
92.6	23.3
101	28
116	31.6
105	28.5
99.7	28.1
92.7	24.9
83.2	22.1
78.5	21.7
79.3	22.8
79.3	22.7
75.2	21.8
76.4	23.6
83.5	24.4
81.8	24.9
89.7	29
88	26.1
79.5	24.1
75.1	23.6
83.2	28.2
87.6	27.6
79.5	24.5
71.1	21.8
65.1	20.2
62.4	20.4
63.4	21.4
64.2	21.8
63.1	22.2
63.2	23.1
63.7	23
59.4	20.7
54.7	18.9
51.4	18.4
50.6	18.7
50.8	19.3
51.3	19.5
49.8	18.7
48.1	18.2
48.4	17.6
45.6	16.5
42.9	15.2
40.4	14.8
40.3	15.2
41.6	17.5
54.3	20.8
57.6	18.3
49.4	16.3
45.1	15.8
43.2	16.4
43.6	16.9
47.8	17
52.1	14.8
45.9	13
43.6	12.5
42.5	12.4
41.6	12.8
42	13.2
43.1	12.6
40	11.6
37.8	10.6
36.6	11.4
40.1	12.8
38.9	11.8
37.6	10.9
35.5	9.98
33.6	9.38
32.3	9.01
35.2	9.73
39.7	9.73
38.4	8.96
36.9	8.49
36.3	8.08
35.7	8.13
36.9	8.51
38.7	8.6
37.4	8.18
35.9	7.72
34.7	7.7
35.4	8.14
34.6	7.79
33.7	7.55
33.1	7.33
32.1	6.98
31.2	6.7
30.4	6.58
31.1	6.97
30.9	6.8
32	8.83
49.7	14.4
52.6	13
48.3	12
44	10.8
41	9.87
38.5	9.07
36.7	8.49
35.7	8.3
34.9	7.85
33.4	7.28
32.1	6.9
31.6	6.82
31.1	6.51
30.7	6.61
30.4	6.38
29.7	6.13
29.4	6.3
31.6	7.75
33.3	7.55
31.5	6.91
31.1	6.67
29.7	6.11
28.8	5.82
28.4	5.61
27.9	5.62
27.6	5.64
27.6	5.54
27.5	5.44
27.1	5.29
26.5	5.27
26.4	5.09
25.9	5.09
25.9	-1
25.9	-1
24.9	-1
24.5	-1
23.8	-1
23.3	-1
22.6	-1
22.4	-1
22.2	-1
22.1	-1
21.7	-1
21.2	-1
20.2	-1
20	-1
19.8	-1
19	-1
17.9	-1
17.5	-1
17	-1
16.5	-1
16	-1
15.5	-1
15.1	-1
14.7	-1
13.9	-1
13.5	-1
13.1	-1
12.8	-1
12.5	-1
12.1	-1
11.2	-1
10.6	-1
11.3	-1
11	-1
11.7	-1
11.9	-1
12.2	-1
12.5	-1
12.7	-1
13.7	-1
14	-1
14.3	-1
14.5	-1
14.3	-1
13.5	-1
13.2	-1
13.1	-1
12.5	-1
12.3	-1
13	-1
13.8	-1
14.6	-1
14.5	-1
14.1	-1
13.8	-1
13.6	-1
13.3	-1
13	-1
12.8	-1
12.7	-1
12.7	-1
12.7	-1
12.7	-1
12.7	-1
12.8	-1
12.7	-1
12.8	-1
12.8	-1
12.8	-1
12.6	-1
12.6	-1
12.7	-1
12.5	-1
12.6	-1
12.5	-1
12.3	-1
11.7	-1
12.2	-1
12.2	-1
11.9	-1
11.4	-1
11.5	-1
11.2	-1
11.9	-1
11.7	-1
11.2	-1
11.3	-1
11	-1
10.7	-1
10.8	-1
10.8	-1
10.7	-1
10.6	-1
10.4	-1
10.3	-1
10.4	-1
10.3	-1
9.4	-1
9.47	-1
10	-1
9.59	-1
8.45	-1
8.43	-1
8.99	-1
9.53	-1
9.56	-1
8.82	-1
8.44	-1
7.84	-1
7.83	-1
8.41	-1
8.83	-1
9.02	-1
9.15	-1
9.09	-1
8.91	-1
8.58	-1
9.11	-1
9.35	-1
9.44	-1
9.37	-1
9.28	-1
9.44	-1
9.31	-1
9.17	-1
9.48	-1
9.38	-1
9.12	-1
9	-1
8.53	-1
8.64	-1
8.53	-1
8.49	-1
8.65	-1
8.91	-1
8.76	-1
8.89	-1
8.88	-1
8.71	-1
8.7	-1
8.72	-1
8.71	-1
8.76	-1
8.64	-1
8.56	-1
8.55	-1
8.42	-1
8.37	-1
8.46	-1
8.43	-1
8.42	-1
8.5	-1
8.5	-1
8.44	-1
8.43	-1
8.39	-1
8.5	-1
8.64	-1
9.21	-1
9.62	-1
9.27	-1
9.3	-1
9.35	-1
9.33	-1
9.29	-1
9.5	-1
9.5	-1
9.5	-1
10.1	-1
11.7	-1
13.7	-1
16.5	-1
14.3	-1
14.5	-1
15.6	-1
17.1	-1
19	-1
18.5	-1
18.9	-1
23	-1
23.9	-1
23.9	6.14
22.9	5.65
20.8	5.31
19.7	5.36
21.1	5.87
24.4	6.31
25.2	6.17
24.2	6.02
22.8	5.8
22.1	5.66
22.1	5.78
23.8	6.39
24.9	6.31
24.4	6.3
27	6.86
38.7	8.04
65.4	10.9
102	16.5
136	24.7
145	29.7
168	36.5
164	35.8
160	37
168	39.1
160	37.5
143	33.5
123	28.9
104	24.2
90.6	20.9
83.6	19
78.2	18.1
82.2	18.3
98.8	22
114	29.9
117	30.1
110	27.7
107	26.4
101	24.7
107	26.3
116	30
124	30.8
116	29.3
107	27.1
101	26.4
116	29.8
138	36.8
167	43.8
156	41.1
132	35.3
112	30.1
102	27.5
95.4	25.9
87.7	23.9
82.2	22.3
77.8	21.6
77.7	22.5
82.6	24.9
90	27.6
97.9	31.1
102	32
98.2	30.8
91.3	28.8
86.6	28.1
84.1	28
82.4	28.3
84.9	29.7
86.3	31.1
89.9	31.9
84.7	29.8
79.5	29
88.9	30.9
90.3	30
81.6	27.5
75.1	26.3
71.5	25.5
67.7	24.2
63.1	22.6
59.1	21.2
56.8	20.3
54.5	19.4
51.8	19.1
51.3	20.2
53.8	22.7
58.6	25.4
63.9	27.3
65.4	28
64.8	28.1
64.5	28.2
63.7	27.2
61.5	26.7
59.4	24.5
55	20.5
47.5	17.5
43.5	16
40.6	14.9
39.1	14.3
37.7	13.4
35.7	13.4
35.5	14.4
37.1	15.9
39.2	17.3
42.5	18.7
51.8	20.9
50	18.3
45	16.4
41.1	15.7
40.1	16.3
39.9	16
38.7	15.6
37.9	15.9
38.1	16.4
38.2	16.6
38.3	16.9
38.9	16.8
41.6	17.7
40.7	16.3
38.2	15.4
36.7	15.7
36.6	15.8
36.4	16.4
37.2	17
44.9	19.8
51.2	17
42.7	13.7
38.7	12.2
37.2	11.9
36.5	12.3
36.6	13.3
37	14.1
37.3	14.6
37.1	14.7
36.8	14.7
37.3	14.5
35.8	14
34.9	13.7
35.6	13.7
37.2	11.8
35.1	10.2
33.1	9
31.1	7.9
29.8	7.14
29.5	6.69
29.6	6.43
29.5	6.29
29.1	5.97
28	5.68
27.2	5.5
26.9	5.44
27	5.72
27.8	6.04
28.1	6.52
28.5	6.66
28.3	6.94
28.1	6.56
27.2	6.02
26.5	5.67
25.3	5.45
24.5	5.28
24.1	5.22
24.1	5.03
23.3	4.65
22.5	4.39
22	4.22
21.6	4.06
21.1	3.94
20.7	3.82
20.4	3.72
20.2	3.84
20.6	3.73
20.1	3.55
19.5	3.43
19.1	3.34
18.9	3.22
18.5	3.1
17.8	2.97
17.7	2.88
17.5	2.85
17.3	2.78
17.1	2.79
17.4	3.04
17.4	3.1
16	2.77
13.9	2.44
11.5	2.5
10.9	-1
11.5	-1
12.7	-1
14.6	-1
15.7	-1
15.9	-1
16.2	-1
16.3	-1
15.9	-1
15.6	-1
15.8	-1
15.3	-1
14.8	-1
13.9	-1
14	-1
14	-1
12.9	-1
13	-1
13.3	-1
13.3	-1
12.9	-1
12.7	-1
12.5	-1
12.1	-1
9.46	-1
8.21	-1
8.15	-1
8.56	-1
9.23	-1
10.7	-1
11.6	-1
12	-1
11.9	-1
12.3	-1
12.9	-1
13	-1
13	-1
13	-1
12.6	-1
12.1	-1
11.8	-1
11.7	-1
11.3	-1
11.1	-1
11	-1
10.7	-1
9.41	-1
9.33	-1
10.7	-1
10.5	-1
10.7	-1
10.8	-1
10.4	-1
9.69	-1
10.1	-1
10.5	-1
10.5	-1
10.1	-1
8.96	-1
9.35	-1
9.75	-1
10.1	-1
10.5	-1
10.8	-1
10.7	-1
10.3	-1
10.5	-1
10.6	-1
10.6	-1
10.6	-1
10.7	-1
9.77	-1
9.05	-1
9.39	-1
9.65	-1
9.45	-1
9.79	-1
10	-1
9.39	-1
9.55	-1
9.78	-1
9.33	-1
9.43	-1
9.36	-1
9.26	-1
9.04	-1
8.7	-1
8.11	-1
8.22	-1
8.26	-1
8.5	-1
8.42	-1
8.65	-1
8.54	-1
8.58	-1
8.73	-1
9.07	-1
9.42	-1
9.51	-1
9.06	-1
8.54	-1
8.7	-1
8.81	-1
8.37	-1
8.07	-1
7.98	-1
8.96	-1
9.24	-1
9	-1
8.88	-1
8.81	-1
8.77	-1
8.62	-1
8.43	-1
8.3	-1
8.56	-1
9.11	-1
9.21	-1
9.1	-1
8.79	-1
8.7	-1
8.76	-1
9	-1
9.1	-1
9.3	-1
9.27	-1
9.05	-1
9.15	-1
8.96	-1
8.83	-1
8.95	-1
9.3	-1
9.4	-1
9.3	-1
9.24	-1
9.82	-1
9.85	-1
9.91	-1
9.92	-1
10.3	-1
9.93	-1
9.67	-1
9.68	-1
9.91	-1
10	-1
10.1	-1
10	-1
10	-1
9.91	-1
9.9	-1
9.94	-1
9.91	-1
9.47	-1
8.99	-1
9.06	-1
9.13	-1
9.03	-1
9.16	-1
9.6	-1
10.4	-1
10.7	-1
10.6	-1
10.3	-1
10.3	-1
10.4	-1
10.5	-1
10.4	-1
10.4	-1
10.4	-1
10.3	-1
10.4	-1
10.3	-1
10.3	-1
10.4	-1
10.8	-1
11.4	-1
11.8	-1
12	-1
12.8	-1
14.6	-1
14.6	-1
14.2	3.36
14.8	3.51
17.1	3.96
19.1	3.98
18.3	3.78
17.5	3.76
17.7	4.39
20.5	5.67
29	8.23
34.8	8.81
35.8	9.19
39.3	10.1
46.2	10.5
44.9	10.6
43.9	11.3
49.9	12.5
63.3	14.5
77.6	16.9
90.1	19.5
93.6	21.3
83.9	19.5
72.2	17.2
65.8	16.3
63.8	15.9
58	14.4
55.6	13.4
57.5	13.5
63.5	14.2
66.6	15.1
78.4	16.7
99.2	19.8
126	24.9
155	31.4
184	38.7
210	46.8
242	60
275	66.8
298	63.6
257	55.6
220	49.3
193	44.9
184	43.7
169	39.2
143	33.7
124	29.1
110	25.9
108	24.4
119	24.7
125	25.4
125	25.3
126	25.5
144	29.4
158	33.5
158	34.6
148	34
134	31.1
116	27.5
108	26.1
110	26.8
123	29.6
148	36.6
141	34.7
127	31.9
119	30.6
121	31.8
131	36.3
149	42.9
162	46.6
150	43.1
130	38.2
120	35.9
113	34.9
114	36.4
120	39
125	41
127	42.3
126	42
121	41
119	42.7
129	49.6
132	48.3
119	43.4
108	38.6
102	38.1
107	43.3
105	40.1
93.4	35.2
85.6	32.5
81.7	31.6
80	31.4
78.2	30.8
74.8	28.4
67.8	25.4
63.1	24
61	23.6
59.8	22.9
57.2	21.6
55.6	21.3
54.3	21.5
56.8	22.7
58.9	21.8
65.3	22.8
65.4	19.7
56.3	17
50.7	15.7
47.6	15
45.1	14.8
43.7	15.2
44.3	16.6
45.6	17.6
47.1	17.4
47.2	17.4
44.4	15.4
41.1	13.8
38.6	12.8
37	12.3
35.9	12.4
36.9	13
39.1	12.1
37.2	10.9
34.7	10.2
33.3	10.9
34.3	13.1
42.4	16.8
44.1	16.1
43.1	18.4
43.7	17.5
41.8	16.5
40.7	15.4
38.2	13.3
35.9	11.6
33.5	10.5
31.7	10.1
31.2	10.9
34.9	12.1
36.1	10.9
33.3	10.3
31.9	9.87
31	9.52
30.2	9.06
29.2	8.16
28.3	7.55
27.2	6.95
26.4	6.56
26.3	6.43
26.6	6.45
26.1	6.16
25.1	5.88
24.6	5.63
24	5.36
23.9	5.9
26.6	6.12
25.6	5.83
24.6	5.61
24.2	5.57
24.6	5.57
23.9	5.33
23.3	5.14
22.8	4.92
22.3	4.74
22.1	4.68
22	4.57
21.9	4.49
22.3	4.51
22.1	4.38
21.6	4.29
21.2	4.17
20.9	4.08
20.7	4.02
20.6	3.97
20.2	3.87
20	3.89
20.1	3.84
19.7	3.75
19.4	3.72
19.5	3.71
20.3	3.88
23.4	4.47
21.6	4.22
18.9	3.78
18.6	3.78
18.6	3.86
18.5	3.9
18.1	3.76
17.7	-1
17.3	-1
17.6	-1
17.5	-1
17.4	-1
17	-1
17.3	-1
16.9	-1
16.9	-1
16.6	-1
16	-1
16.1	-1
16.3	-1
15.9	-1
15.3	-1
15.6	-1
15.3	-1
15	-1
12.8	-1
10.7	-1
9.4	-1
9.23	-1
9.61	-1
10	-1
11.1	-1
11.5	-1
11.8	-1
12.2	-1
11.9	-1
10.7	-1
9.89	-1
10.1	-1
11.2	-1
11.7	-1
12.8	-1
13.6	-1
12.9	-1
11.6	-1
11.8	-1
11.9	-1
12	-1
12.1	-1
12	-1
11.9	-1
11.8	-1
11.9	-1
12	-1
11.8	-1
11.6	-1
11.5	-1
10.9	-1
9.85	-1
11	-1
11.2	-1
11.1	-1
10.8	-1
10.5	-1
10	-1
9.9	-1
9.88	-1
9.84	-1
9.42	-1
9.26	-1
9.71	-1
9.88	-1
9.89	-1
9.75	-1
9.64	-1
9.73	-1
9.84	-1
9.91	-1
9.84	-1
9.66	-1
9.57	-1
9.44	-1
9.47	-1
8.37	-1
8.84	-1
9.54	-1
9.57	-1
8.96	-1
8.19	-1
8.89	-1
8.99	-1
8.91	-1
9.11	-1
9.35	-1
8.9	-1
8.48	-1
8.25	-1
8.45	-1
8.6	-1
8.6	-1
8.69	-1
8.64	-1
8.51	-1
8.56	-1
8.62	-1
8.57	-1
8.56	-1
8.47	-1
8.15	-1
8.5	-1
8.65	-1
8.77	-1
8.63	-1
8.68	-1
8.57	-1
8.31	-1
8.39	-1
8.24	-1
8.19	-1
8.15	-1
8.17	-1
8.18	-1
8.11	-1
8.21	-1
8.08	-1
8.34	-1
8.23	-1
7.82	-1
7.88	-1
7.71	-1
7.52	-1
7.73	-1
7.32	-1
7.52	-1
7.78	-1
7.57	-1
7.38	-1
7.45	-1
7.44	-1
7.4	-1
7.19	-1
7.09	-1
7.27	-1
7.32	-1
7.32	-1
7.27	-1
7.24	-1
7.34	-1
7.52	-1
7.46	-1
7.28	-1
7.42	-1
7.07	-1
7.1	-1
7.1	-1
7.17	-1
7.3	-1
7.15	-1
7	-1
7.1	-1
7.4	-1
7.51	-1
7.63	-1
7.69	-1
7.71	-1
7.76	-1
7.77	-1
7.83	-1
7.88	-1
7.86	-1
8.09	-1
8.61	-1
9.4	-1
9.2	-1
8.99	-1
8.86	-1
9.13	-1
8.63	-1
8.31	-1
8.3	-1
8.34	-1
8.47	-1
8.52	-1
8.49	-1
8.33	-1
8.45	-1
8.7	-1
9.24	-1
9.53	-1
9.37	1.72
9.21	1.81
9.48	2.05
10.1	2.4
11.1	2.61
11.9	3.01
12.6	3.33
13.7	3.37
13.2	3.2
12.6	3.2
12.6	3.27
13	3.58
13.5	3.8
14	4.07
15.3	5.51
23.6	7.32
34.6	8.6
50.6	11.2
75.3	15.2
75.3	18
99.3	25.2
97.3	24.7
82.2	22.2
73.7	19.8
80.2	18.9
85.1	19
76.4	17.8
76.8	17.4
83.5	18.5
93.1	19.7
98	21.2
108	23.3
119	26.1
132	29.1
134	29.3
137	30.1
138	31.2
123	28.1
107	24.2
96.5	21.1
89.1	19.6
84.5	17.8
77.4	16.2
77.9	16.7
88.6	17.6
82.4	16.4
80.1	15.7
85	16
89.9	17
87.9	16.9
85.7	16.9
90	18.1
120	23.7
136	26.5
127	26.4
124	26.5
117	25.3
104	22.7
104	22.6
118	26.7
145	34.2
163	40.8
160	41.4
151	40.6
149	42
153	44.6
139	41.3
126	37.2
108	31.6
94.1	28.4
95	31.2
100	29.9
86.3	25.7
77.3	23.3
76.2	24.2
76.5	23.8
73.8	22.9
69	22.1
68.3	22.4
66.5	21.7
63.3	21.5
63.8	22.6
68.9	24.8
77.1	27.5
84.7	26.9
76.8	25.5
71.1	24.8
72.7	26.2
74.6	26.6
69.5	24.7
66.1	23.7
62.1	20.6
57.1	19.9
57.8	18.8
52.2	17
48.6	16.2
46.3	16.1
45.6	16.5
46.4	17.8
48.8	19.6
54.3	24.1
67.7	26.9
62.6	22.8
53.9	19.7
49.1	18.5
46.5	18.3
46.8	19.8
49.9	21.9
52.8	23.4
56.2	24.9
59.2	28.2
64	27.7
60.7	25.6
62.3	23.3
54.3	20.2
49	19.2
48.1	20
50	18.5
45.1	16
41.3	14.3
40.2	16.3
58.6	21.4
57.9	18.1
51.3	15.4
45.7	13.5
41.8	12
39.3	10.9
36.9	10
35.9	9.5
34.6	9.15
33.5	8.76
32.6	8.98
34	8.88
32.3	8.43
31.8	8.95
35.1	9.29
34	8.8
32.5	8.55
31.5	8.44
30.8	8.36
30.3	8.36
29.9	8.48
29.7	8.59
30	8.88
35.2	9.78
35.1	9.15
32.9	8.48
31.5	8.02
31.1	7.71
30	7.21
28.9	6.81
27.9	6.5
27.1	6.33
26.5	6.36
26.1	6.54
26.3	7.29
27.3	7.45
27.8	7.93
28.4	7.57
27.9	7.27
27.7	6.88
26	6.31
24.9	5.89
23.8	5.55
22.8	5.32
23.1	5.33
23.4	5.46
22.3	5.13
21.9	4.98
21.8	5.18
24.7	5.61
24	5.27
22.6	4.96
22.2	4.9
21	4.68
21.1	4.51
20.2	4.37
20.1	4.18
18.1	3.71
17.7	3.4
18	3.45
18.3	3.5
18.1	3.35
17.7	3.2
17.7	-1
17.8	-1
17.6	-1
17.4	-1
17.2	-1
17	-1
16.9	-1
17	-1
16.9	-1
16.5	-1
16.3	-1
16.3	-1
16	-1
15.5	-1
15	-1
16	-1
16.1	-1
16	-1
15	-1
11.5	-1
12.9	-1
13	-1
12.5	-1
11.3	-1
11.4	-1
11.2	-1
10.8	-1
10.1	-1
11.9	-1
13	-1
13.5	-1
13.5	-1
11.6	-1
8.9	-1
9.84	-1
12.2	-1
13.2	-1
13.2	-1
12.9	-1
13.2	-1
13.2	-1
12.8	-1
11.9	-1
9.29	-1
9.06	-1
9.5	-1
11.6	-1
11.3	-1
11	-1
10.3	-1
10.3	-1
10.8	-1
11.2	-1
11.9	-1
11.8	-1
11.5	-1
11.3	-1
11.5	-1
11.6	-1
11.3	-1
11.5	-1
11.7	-1
11.4	-1
10.4	-1
10.7	-1
11	-1
11.1	-1
11.1	-1
11.1	-1
10.8	-1
10.7	-1
10.6	-1
10.4	-1
10.2	-1
9.9	-1
9.63	-1
9.3	-1
9.17	-1
9.18	-1
9.1	-1
9.14	-1
9	-1
8.82	-1
8.7	-1
8.5	-1
8.2	-1
8	-1
8.5	-1
9.2	-1
9.62	-1
9.91	-1
9.75	-1
9.63	-1
9.52	-1
9.51	-1
9.43	-1
9.2	-1
8.88	-1
8.65	-1
8.44	-1
8.3	-1
8.09	-1
7.9	-1
7.75	-1
7.71	-1
7.74	-1
8	-1
8.4	-1
8.87	-1
8.8	-1
8.79	-1
8.69	-1
8.53	-1
8.55	-1
8.63	-1
8.43	-1
8.2	-1
8.1	-1
8.22	-1
8.6	-1
9.1	-1
9.1	-1
8.9	-1
8.68	-1
8.42	-1
8.13	-1
7.9	-1
7.8	-1
7.7	-1
7.65	-1
7.77	-1
8.5	-1
9.25	-1
9.1	-1
8.9	-1
8.66	-1
8.39	-1
8.19	-1
8.24	-1
8.22	-1
8.22	-1
8.16	-1
8.06	-1
7.85	-1
7.75	-1
7.41	-1
7.6	-1
7.67	-1
7.62	-1
7.65	-1
7.5	-1
7.52	-1
7.39	-1
7.54	-1
7.56	-1
7.53	-1
7.74	-1
8.03	-1
8.3	-1
8.6	-1
8.93	-1
8.91	-1
8.95	-1
8.87	-1
8.71	-1
8.51	-1
8.4	-1
8.59	-1
8.72	-1
8.72	-1
8.77	-1
9.39	-1
10	-1
9.9	-1
9.77	-1
9.57	-1
9.48	-1
9.09	-1
8.8	-1
8.58	-1
8.59	-1
8.61	1.92
8.74	2.23
9.61	2.47
10.4	2.69
11	2.98
11.4	3.1
11.5	3.29
11.7	3.55
12.2	3.79
12.8	4.42
14.3	4.85
15.6	4.94
15.7	4.57
14.8	4.51
14.5	4.54
14.3	4.79
15.6	6.01
23.4	7.01
26.2	7.83
26.7	7.89
24.1	7.21
22.6	6.94
24	7.01
28.9	7.63
35.8	8.63
41.1	9.9
45.1	10.9
45.9	11.2
52.4	12
81.6	15.5
98.2	19.1
92.7	19.9
82.7	19.1
83	19
93.7	20.4
108	22.8
109	23.5
89.9	21
74	18.4
63.1	16.1
56.7	14.4
56	14.3
67.7	16.2
84.4	19.5
107	24.5
129	28.4
142	30.4
143	32.1
135	31.4
126	29.8
115	27.8
116	26.4
114	24.6
107	23.3
95.5	20.9
91.2	21.4
91.1	21.2
81	19.2
75.3	18.8
75.6	19.2
72.6	18.8
67.6	17.3
63.2	16.5
61	16.3
60.9	17
63.4	18.5
71	22.2
95.7	26
87.6	25.2
81.9	22.5
77.6	21.6
75.4	21.3
74.6	21.7
77.1	23
86	25.6
94.7	25.3
86.4	23.8
81.6	23.3
78.9	24.1
80.8	25
75.7	23
69.5	21.7
65.8	21.4
65.6	21.9
66.1	23.3
68	24.9
70.1	25.8
72	26.7
75.5	27
73.5	26
67.7	25
68.1	25.3
66	25.4
68.9	27
68.6	26.5
69.9	25.2
65.7	24.7
63.5	23.4
60	21.7
56.2	21
54.6	20.7
53.3	20.8
58.5	24.5
64.3	22.2
57.8	19.8
65.4	18.8
64	15.9
56.9	14.4
53	14
51.4	14.9
51.4	15.9
51.6	17.4
53.1	20.3
57.4	21
54.1	18.9
49.1	16.9
45.3	15.8
43.3	15.1
41.6	14.7
40.2	14.5
39.6	14.9
40.2	15.7
40.8	16.3
41.5	16.9
43	18.3
44.3	18.2
45.3	16.6
40	14.8
38.1	14.3
38.4	13.1
35.9	11
32.9	9.35
31.7	8.61
30.4	7.78
29	7.46
28.2	7.68
28.4	8.29
29.1	9.57
30.2	10.9
32.4	13.4
35.4	12.9
33.1	12.4
32.3	11.3
30.5	9.52
28.4	9.38
28.6	10.6
29.6	11.5
30.4	11.3
29.5	10.6
28.1	9.18
26.5	8.13
25.1	7.27
23.8	6.39
22.7	5.74
21.8	5.36
21.9	5.2
21.2	4.83
20.3	4.48
19.8	4.28
19.6	4.12
18.9	3.83
17.5	3.6
15.6	3.55
14.7	3.45
13.9	3.3
13.4	3.1
13.1	3
12.9	2.92
14.3	2.93
17.2	3.24
20.5	4.59
21.1	4.31
19.4	4.06
18.4	3.85
17.7	3.68
17.2	3.52
17	3.43
16.4	3.18
16.2	3.07
16.2	2.99
15.7	2.9
15	2.92
15.1	2.95
15.5	3
15.5	-1
14.4	-1
14	-1
13.6	-1
14.3	-1
15	-1
14.6	-1
14.2	-1
13.7	-1
12.6	-1
11.9	-1
10.8	-1
10.5	-1
10.7	-1
11.2	-1
11.8	-1
12	-1
11.7	-1
11.4	-1
11.5	-1
11.6	-1
11	-1
10.8	-1
10.7	-1
10.2	-1
9.6	-1
9	-1
8.38	-1
9.12	-1
9.98	-1
8.48	-1
6.8	-1
6.75	-1
6.9	-1
7.21	-1
6.63	-1
6.3	-1
6.66	-1
6.96	-1
7.6	-1
7.4	-1
7.2	-1
7	-1
7.5	-1
8.12	-1
8.72	-1
9.2	-1
9.5	-1
9.78	-1
9.43	-1
9.08	-1
8.68	-1
8.3	-1
7.89	-1
8.42	-1
8.69	-1
8.89	-1
8.98	-1
8.85	-1
8.84	-1
8.72	-1
9.15	-1
9.6	-1
9.85	-1
9.4	-1
9.04	-1
8.3	-1
8	-1
8.3	-1
8.63	-1
8.85	-1
8.78	-1
8.57	-1
8.23	-1
7.89	-1
7.72	-1
7.65	-1
7.25	-1
7.56	-1
7.56	-1
7.58	-1
7.25	-1
7.06	-1
7.22	-1
7.52	-1
7.54	-1
7.54	-1
6.87	-1
7.02	-1
7.73	-1
7.79	-1
7.78	-1
7.72	-1
7.74	-1
7.77	-1
7.72	-1
7.29	-1
7.57	-1
7.33	-1
7.34	-1
7.16	-1
7.71	-1
7.65	-1
7.62	-1
7.61	-1
7.54	-1
7.58	-1
7.48	-1
7.54	-1
7.58	-1
7.19	-1
7.31	-1
6.98	-1
7.16	-1
7.16	-1
7.31	-1
7.38	-1
7.22	-1
7.34	-1
7.32	-1
7.3	-1
7.28	-1
7.33	-1
7.28	-1
7.24	-1
7.12	-1
7.05	-1
7.06	-1
6.98	-1
6.55	-1
6.69	-1
7.19	-1
7.12	-1
6.92	-1
7.04	-1
7.16	-1
7.25	-1
7.19	-1
7.08	-1
7.04	-1
7.18	-1
7.16	-1
7.11	-1
7.1	-1
7.05	-1
7.13	-1
7.21	-1
7.15	-1
7.13	-1
7.12	-1
6.86	-1
6.63	-1
6.63	-1
6.71	-1
6.63	-1
6.4	-1
6.55	-1
6.91	-1
7.23	-1
7.28	-1
7.42	-1
7.77	-1
7.88	-1
8.08	-1
8.19	-1
8.26	-1
8.31	-1
8.59	-1
9.13	-1
10.1	-1
11.3	-1
13.7	-1
18.2	-1
20.4	-1
19	-1
17.1	-1
15.4	-1
14.8	-1
14.4	-1
14.2	-1
13.5	-1
13.2	3.82
13.3	3.88
13.3	3.84
13.2	3.61
12.7	3.38
12.3	3.15
12	2.98
11.8	2.94
11.8	2.97
11.7	3.02
11.9	3.15
11.8	3.45
12.4	3.93
13.7	4.37
15.4	4.98
18.7	5.77
23.9	7.21
35	10.1
62.7	15.9
82.1	20
68.4	19
55.8	16.7
47.6	14.4
41	12.6
37.5	11.2
35.6	10.5
35	10.2
34.4	10.1
33.3	9.63
32.1	9.03
30.7	8.64
30.1	8.46
31.8	9.16
37.1	10.9
41.6	11.3
40.2	11.1
41.3	11.3
44.8	12.2
50.8	13.4
55.5	14.4
61.7	14.9
59.3	14.2
57.9	14.2
71.2	15.6
103	20.1
113	23.3
103	22.3
89.3	19.9
78.1	17.7
74.2	16.6
81.1	18
95.2	20.6
113	24.6
125	28.2
131	31.2
133	32
128	30.9
121	29.3
126	31.4
134	33.6
138	35.2
119	30.4
100	25.5
87.6	22
78.6	20.4
76.6	19.7
70.6	18.2
66.4	18.5
70.8	20.2
80.3	23.2
91.1	26.5
97.3	28.8
104	32.7
104	31
90.7	26.9
80.9	25.2
80.6	24.7
79.1	23.8
74.9	22.6
74.8	22.5
75.4	21.6
70.7	21.3
68.5	20.9
66.9	20.6
66.3	21.1
67	21.8
67.8	22.4
67.3	22.6
68.4	24.4
70	24.8
68.9	24.6
66.7	23.4
64.2	22
70.2	22.7
67.1	21.3
61.5	20.4
56.6	19.7
55.4	20
56.5	20.7
56.8	21.8
56.4	21.8
58.5	21.7
55	20.4
52.7	19.6
52.4	18.4
50.9	18
48.8	17.6
47.7	17.9
47.6	18.1
47	18.6
48.1	18.6
46.6	17.3
43.5	16.1
41.3	14.9
39.5	13.3
36.2	12
34.5	12.3
35	13.7
39.1	14.6
37.5	12.4
34.9	11
33.6	10.1
31.8	9.14
30.5	8.4
29.2	7.55
27.7	7.09
26.7	7.08
27.4	6.9
26.9	6.45
26.1	6.19
26.2	6.08
26	5.83
25.2	5.67
24.8	5.8
25.2	5.77
26.3	6.34
27	6.05
26.2	6.01
27.4	8.24
32.1	8.34
31.3	7.56
30.9	7.75
35.9	9.78
42.7	10.8
42.2	10
39.4	9.26
37.1	8.63
35.2	8.16
35.9	10
43	11.3
49.9	22.9
90.9	30.5
77.7	27.3
65.2	22.4
56.5	18.7
50.4	16.1
46	14.4
42.9	13
39.7	11.5
37.2	10.6
35.4	9.87
33.9	9.36
32.8	9.94
33.8	9.52
32.2	8.54
30.9	7.82
29.7	7.21
29.1	6.97
28.1	6.46
26.8	5.9
26	5.65
25.6	5.46
25.1	5.26
24.6	5.03
24.1	4.88
23.8	4.81
23.6	4.72
23.4	4.63
23.1	4.52
22.8	4.39
22.1	4.2
21.5	4.11
21.1	4.01
20.4	3.9
20.5	-1
21	-1
20.6	-1
19.8	-1
19.7	-1
20.1	-1
21.3	-1
21.9	-1
20.4	-1
19	-1
15.9	-1
16.5	-1
16.3	-1
16.7	-1
16.9	-1
16.6	-1
13.3	-1
10.9	-1
9.98	-1
9.26	-1
9.09	-1
9	-1
9.21	-1
9.33	-1
9.65	-1
10.8	-1
11.8	-1
12.2	-1
12	-1
11.6	-1
12.1	-1
13	-1
13.2	-1
12.8	-1
11.5	-1
10.8	-1
11.5	-1
12.4	-1
13.6	-1
13.4	-1
12	-1
11	-1
10	-1
9.2	-1
8.7	-1
8.2	-1
8.1	-1
8.2	-1
8.62	-1
8.84	-1
9.49	-1
10.3	-1
10.5	-1
10.5	-1
10.4	-1
10.1	-1
9.5	-1
8.6	-1
8.2	-1
8.25	-1
8.27	-1
8.64	-1
8.98	-1
8.99	-1
9.27	-1
9.92	-1
10.4	-1
10.7	-1
10.7	-1
10.3	-1
9.07	-1
8.96	-1
9.16	-1
9.22	-1
9.2	-1
9.29	-1
9.38	-1
9.34	-1
9.15	-1
9.04	-1
9.06	-1
9	-1
8.83	-1
8.52	-1
8.08	-1
8.08	-1
7.86	-1
7.72	-1
7.47	-1
7.28	-1
7.13	-1
7.2	-1
7.56	-1
7.88	-1
8.2	-1
8.3	-1
7.98	-1
7.6	-1
7.65	-1
7.6	-1
7.53	-1
7.71	-1
7.87	-1
7.89	-1
7.83	-1
7.75	-1
7.68	-1
7.62	-1
7.56	-1
7.53	-1
7.63	-1
7.73	-1
7.78	-1
7.75	-1
7.5	-1
7.23	-1
7.15	-1
7.5	-1
7.99	-1
7.98	-1
7.61	-1
7.7	-1
7.84	-1
7.91	-1
7.91	-1
7.95	-1
8.01	-1
8.13	-1
8.28	-1
8.41	-1
8.51	-1
8.55	-1
8.55	-1
8.51	-1
8.45	-1
8.41	-1
8.39	-1
8.4	-1
8.42	-1
8.52	-1
8.47	-1
8.5	-1
8.58	-1
8.51	-1
8.59	-1
8.66	-1
8.7	-1
8.77	-1
8.69	-1
8.65	-1
8.71	-1
8.73	-1
8.75	-1
8.62	-1
8.59	-1
8.61	-1
8.56	-1
8.55	-1
8.5	-1
8.39	-1
8.47	-1
8.54	-1
8.71	-1
8.92	-1
8.8	-1
8.48	-1
8.37	-1
8.26	-1
8.03	-1
8.07	-1
8.05	-1
8.23	-1
8.18	-1
8.24	-1
8.41	-1
8.73	-1
8.86	-1
8.93	-1
8.87	-1
8.94	-1
8.85	-1
8.79	1.8
9.13	1.94
9.69	2.08
9.94	2.23
10.2	2.37
10.4	2.51
10.4	2.65
10.9	2.8
11	2.94
11	3.08
12.1	3.22
14.7	3.64
17.8	4.72
20.2	6.31
25.8	7.6
29.9	8.58
33.2	9.69
32	9.95
32.4	10.1
32.9	10.1
33.6	10.9
40.1	12.8
52.5	14.8
62.6	16.8
74.9	19.1
87.6	21.4
93.9	22.6
83.7	22.2
73.6	20.4
67.8	18.8
67.1	18
71.3	18.2
73.7	18.6
83.1	20.1
94.5	22
99.7	23.2
120	26.2
137	29.4
138	30.9
124	27.9
127	27.1
138	28.3
143	30.2
152	32.7
148	32.3
143	31
132	29.3
136	29.2
145	29.4
148	29.8
162	33.1
176	36
173	36
179	37.5
177	36.6
148	31.8
125	27.1
112	24.3
121	25.5
151	31
178	35.3
151	32.1
124	27.2
117	25.1
121	25
120	25.2
123	26.9
132	29.9
152	37.1
141	33.9
118	28.7
104	25.6
103	25.7
113	29.1
130	32.2
119	29.6
105	26.8
98.5	26.5
104	29.7
129	40
149	40.9
129	35.7
116	32.2
106	29.2
98.1	25.9
91.6	25.2
105	28
121	29
111	26.9
103	29.1
102	28.1
96	28.1
97.6	28.5
92	26.3
83.6	24
77.7	22.4
74.3	21.9
72.7	21.9
71.8	21.6
68.7	20.5
65.6	19.9
63.7	19.9
69.3	22.3
70.1	21.6
65.8	21.4
64.1	21.3
64.9	21.8
64.2	19.2
56.9	16.8
53.2	16
49.8	14.4
46.3	13.8
44.8	14.4
45.8	15.7
49.6	19.1
51.6	19.4
51.3	19.4
50.4	18.6
48.7	18.2
47.2	17.3
45.7	16.8
45.4	16.5
45.9	15.1
43.5	13.1
40.2	11.8
37.4	10.4
34.9	9.71
33.7	9.52
32.7	9.57
32.2	9.74
32	10.1
32	10.3
32.1	10.6
32.1	11.2
32.8	11.7
33.1	11.5
32.7	11.4
32.6	11.4
34	11.9
33.4	10.2
31.6	9.16
32.7	10.1
33.4	8.62
30.6	7.72
29.1	7.51
29.2	9.32
32.4	11.3
34.2	12.1
35.7	12.9
36.7	13
37.9	11.7
34.2	10
31.8	8.83
30.4	8.98
39.9	14.6
45.2	13.9
41.6	12.7
39.4	11.6
38	10.8
37.1	9.94
36.2	9.04
34	8.21
32.4	7.62
31.3	7.41
30.9	7.45
30.4	7.13
29.1	6.55
28	6.08
26.6	5.64
25.6	5.33
25.1	5.11
24.4	4.93
24	4.87
23.9	4.77
23.4	4.78
23.6	4.94
23	4.64
22	4.16
20.7	3.97
21	3.7
19.7	3.6
20.5	3.5
20	3.43
20.1	3.4
19.1	-1
18.3	-1
18	-1
18.8	-1
14.2	-1
12.5	-1
12.4	-1
13	-1
14.1	-1
16	-1
17.2	-1
17	-1
16.3	-1
15.5	-1
13.8	-1
12.3	-1
11.3	-1
10.1	-1
9.11	-1
8.7	-1
9.6	-1
11.9	-1
13.6	-1
14.7	-1
14.5	-1
14.2	-1
14.4	-1
15.1	-1
14.5	-1
14.4	-1
12.8	-1
12.7	-1
12.1	-1
12.4	-1
11	-1
10.7	-1
10.5	-1
9.73	-1
10.2	-1
11.4	-1
12.2	-1
12	-1
11.5	-1
11.7	-1
11.6	-1
11.5	-1
11.6	-1
11.9	-1
11.6	-1
11.5	-1
11.4	-1
10.1	-1
9.8	-1
10.9	-1
11.5	-1
11.3	-1
11.1	-1
11	-1
11.1	-1
11	-1
11.1	-1
10.4	-1
10.3	-1
11.2	-1
11.5	-1
11.4	-1
11.1	-1
10.5	-1
10.8	-1
11	-1
10.7	-1
9.23	-1
9	-1
9.71	-1
10	-1
9.98	-1
9.53	-1
9.32	-1
9.36	-1
9.51	-1
9.58	-1
9.57	-1
9.9	-1
10.1	-1
10.1	-1
10.1	-1
10.2	-1
10.1	-1
10.1	-1
10.3	-1
10.3	-1
10	-1
9.62	-1
9.12	-1
8.93	-1
8.82	-1
8.48	-1
8.05	-1
7.73	-1
7.43	-1
7.37	-1
7.45	-1
7.55	-1
7.62	-1
7.66	-1
7.59	-1
7.52	-1
7.7	-1
7.99	-1
8.07	-1
8.09	-1
8.17	-1
8.09	-1
7.98	-1
7.71	-1
7.45	-1
7.41	-1
7.45	-1
7.43	-1
7.37	-1
7.36	-1
7.56	-1
8.01	-1
8.21	-1
8.2	-1
8.2	-1
7.91	-1
7.84	-1
7.96	-1
8.03	-1
8	-1
7.96	-1
7.93	-1
7.88	-1
7.88	-1
7.96	-1
8.1	-1
8.22	-1
8.31	-1
8.35	-1
8.37	-1
8.36	-1
8.36	-1
8.38	-1
8.58	-1
8.63	-1
8.66	-1
8.62	-1
8.66	-1
8.67	-1
8.65	-1
8.53	-1
8.6	-1
8.63	-1
8.51	-1
8.58	-1
8.51	-1
8.37	-1
8.27	-1
8.13	-1
8.29	-1
8.53	-1
8.96	-1
9.9	-1
10.6	-1
10.5	-1
10.2	-1
9.95	-1
10	-1
10.3	-1
10.3	-1
10.4	-1
10.7	-1
11.1	-1
12	-1
15.1	-1
18.8	-1
21.4	-1
23	-1
23.8	-1
24.1	-1
24	-1
24.2	5.68
23.8	5.73
23.4	5.92
22.7	5.73
22.6	5.65
21.9	5.61
21.9	5.78
23.5	6.41
29.3	7.39
31.8	7.29
29.5	6.79
27.8	6.81
28.7	7.45
34.4	8.61
43.9	10.1
59	12.1
66.2	14.1
61.5	13.8
53.9	12.8
48.6	12.1
46.1	11.9
52.3	13.1
65.1	14.4
63.5	14.5
57.7	13.7
53	13.4
51.9	13.2
55.4	13.7
63.5	15.5
68.3	16.3
65.3	16
65.4	15.8
73.6	17
85.9	18.2
83.6	18.2
109	25
239	63
332	75.7
275	56.1
205	47.5
172	40.7
149	35
154	33.7
160	34.9
169	37.3
161	35.5
147	32.7
152	34.9
176	39
173	38.3
168	37.2
165	36.7
172	37.8
195	43.7
236	54.2
258	61.1
242	53.5
218	47.8
189	41.7
178	39.8
182	40.6
189	42.4
195	43.3
187	42.5
179	40.4
158	35.5
146	31.9
143	31.7
152	34.8
167	39.9
182	45.4
192	48.7
190	49.4
189	50
186	51.5
204	58.9
200	52.6
181	50.1
175	50.5
170	49.2
161	47.3
168	50.9
164	47.5
144	42.7
135	39.6
120	34
116	32
112	30.5
108	30.3
104	29.7
99.8	28.9
98.7	29.3
98.5	28.3
94.6	27.9
92.9	25.6
84.9	24.3
83.2	25.7
86.6	28.2
90.3	31.1
91.3	30.8
87	28.5
81.1	26.1
76	24
71.2	22.2
67.3	21
65.2	21
67.2	20.7
62.3	19.2
58.4	18.3
56	17.9
55.1	18
56.1	18.7
56.7	19.2
55.9	19
54.3	18.3
53.2	16.7
48.8	14.9
44.9	13.9
42.6	13.5
41.6	13.7
43.7	15
42.6	13.6
39.7	12.7
38.1	11.9
37.6	11
35.3	10.1
33.5	9.5
32.3	8.94
32	8.59
30.7	8.36
29.9	8.68
30.2	8.92
31.8	9.17
32.4	8.54
30.3	7.86
28.9	7.42
27.9	7.37
27.3	7.45
27	7.42
26.6	7.41
26.1	7.52
25.8	7.64
25.7	8
26	8.38
26.4	8.61
26.7	8.84
27	9.01
27.6	9.22
29.2	9.08
28	8.71
27	8.63
26.8	9.03
27.1	8.61
26.1	8.17
28.6	10
29.1	8.45
26.7	7.6
25.1	6.94
24.1	6.48
23.4	6.13
23.1	5.95
22.7	5.64
21.9	5.41
21.5	5.25
21	5.11
20.8	5.19
21.1	5.27
22.5	5.88
23.6	5.91
23.5	5.61
22.2	5.25
22.2	5.38
23.3	5.33
22.1	5.03
21.3	4.76
20.5	4.58
19.6	4.34
19.1	4.2
18.7	4.1
18.6	4.04
18.5	4.01
18.4	3.94
18.3	4.13
18.8	4.18
18.7	-1
18.7	-1
18.1	-1
16.4	-1
17.7	-1
17.6	-1
16.7	-1
15	-1
12.9	-1
11.2	-1
10.5	-1
11.3	-1
13.2	-1
13.3	-1
13.3	-1
13.8	-1
14.1	-1
13.9	-1
13.8	-1
14.3	-1
14.4	-1
10.9	-1
11.4	-1
12.1	-1
11.8	-1
11.6	-1
11.6	-1
12.5	-1
13.3	-1
13.3	-1
13.4	-1
13.1	-1
11.9	-1
12.8	-1
13.7	-1
12.9	-1
11.9	-1
9.64	-1
8.84	-1
10.4	-1
11.6	-1
11.2	-1
10	-1
9.75	-1
9.19	-1
9.11	-1
8.99	-1
8.52	-1
7.5	-1
7.46	-1
7.51	-1
7.37	-1
6.96	-1
6.31	-1
6.12	-1
6.3	-1
6.52	-1
6.62	-1
6.56	-1
6.38	-1
6.14	-1
5.61	-1
5.31	-1
5.5	-1
5.6	-1
5.63	-1
6.77	-1
8.54	-1
8.33	-1
10.7	-1
8.23	-1
6.37	-1
5.9	-1
5.88	-1
6.04	-1
6.21	-1
6.73	-1
8.27	-1
10.1	-1
8.42	-1
6.89	-1
8.07	-1
8.53	-1
9.16	-1
9.93	-1
10.3	-1
10.2	-1
9.33	-1
7.94	-1
7.01	-1
7.37	-1
7.96	-1
7.82	-1
7.88	-1
9.21	-1
10.4	-1
10.3	-1
9.77	-1
9.2	-1
8.75	-1
7.94	-1
7.83	-1
7.54	-1
8.99	-1
9.02	-1
7.97	-1
7.28	-1
8.8	-1
8.8	-1
8.33	-1
7.31	-1
7.21	-1
6.26	-1
7.35	-1
8.43	-1
8.06	-1
8.47	-1
8.26	-1
7.98	-1
8.3	-1
8.32	-1
8.72	-1
8.69	-1
7.95	-1
7.84	-1
7.86	-1
8.83	-1
8.72	-1
8.36	-1
8.19	-1
8.43	-1
8.05	-1
8.49	-1
8.57	-1
8.83	-1
9.11	-1
8.51	-1
7.65	-1
7.52	-1
8.93	-1
8.87	-1
8.06	-1
6.58	-1
6.45	-1
6.92	-1
7.86	-1
8.51	-1
8.64	-1
8.74	-1
8.94	-1
9.35	-1
9.98	-1
10.3	-1
10.9	-1
11.2	-1
11.6	-1
12.3	-1
12.3	-1
11.5	-1
10.8	-1
10.7	-1
10.6	-1
10.3	-1
10.1	-1
10.1	-1
9.75	-1
9.43	-1
9.14	-1
9.25	-1
9.6	-1
9.86	-1
9.89	-1
9.33	-1
9.28	-1
9.45	-1
9.28	-1
9.66	-1
10.7	-1
11.6	-1
11.9	-1
11.4	-1
10.8	4.02
10.7	4.33
10.8	4.81
11.9	5.14
14	5.42
18	6.02
25.4	6.88
33.2	8.49
42.5	10.1
52.1	11.4
60.9	13.2
74.2	16.1
96.4	21.7
101	24.1
89.2	22.3
79.1	20.5
71.9	18.2
66.2	16.5
64.5	16
66.6	16.1
70.8	16.9
81.3	18.5
82.3	19.1
83.1	20.4
80.8	19.8
73.7	17.9
68.8	16.4
67.8	15.6
71.4	15.8
78.4	16.5
84.6	17.6
89.5	18.3
87.1	17.9
85.9	17.7
87.9	18.1
95.4	19.8
109	22
123	24.3
136	26.7
132	27.1
123	25.1
115	23.3
122	24.9
129	25.8
123	25.4
114	24.4
116	24.8
124	26.5
133	28.4
140	30.9
261	46.1
466	64.5
405	58.9
286	50.1
229	43.7
197	39.5
188	40.3
179	39.4
165	37.8
167	40.1
182	44.2
179	46.6
184	51.5
200	58.8
204	56.7
176	49.1
153	41.4
132	34.4
121	31.9
115	30.3
106	30.4
108	33.2
105	30.9
96.2	27
85.8	23.6
80.6	22.6
79.1	21.7
75.4	21
75.3	21.5
76.8	23.7
78.6	25.8
81.8	27.8
85.6	29.3
85.5	30
83.5	29.3
81.1	28.7
80.2	28.2
77.1	26.9
72.7	24.4
68.2	21.9
64	19.7
59.7	18.8
58	18.6
58.2	18.5
57.8	18.8
58.6	20.1
61.4	21
62.5	21.9
65.2	23.2
64.6	22.9
62.8	22.5
62	22.8
62.5	23.6
63.1	24.2
64.2	24.5
62.7	24
61.8	23.3
60.6	23.8
60.8	23.4
59.6	22.7
58.1	22
55.1	19.8
51.4	17.7
49	16.8
46.7	16
44	16
44.6	16.4
45.2	16.7
45.4	17.7
44.7	17.8
45.2	19.4
51.2	23.3
52.6	21.5
48.8	19.7
46.4	18.8
45.4	18.3
44.9	18.9
46.2	19.4
49	21.5
57.7	23
53.6	21.3
52	20.6
48.2	19.5
45.5	18.5
44.2	18.6
44.5	18.9
44.6	19
45.7	19.1
45	19.6
46.8	19.2
45	16.4
41.6	13.8
37.5	11.8
34.8	10.6
33.3	9.77
32.2	9.24
31.4	8.65
30.1	8
28.7	7.43
27.3	6.95
26.4	6.58
27.9	6.71
28.4	6.69
27.1	6.49
25.8	6.19
24.5	5.88
23.6	5.64
22.7	5.47
22.3	5.44
22.4	5.41
22.5	5.34
22.1	5.04
21.4	4.9
21	4.72
20.4	4.55
19.9	4.39
19.2	4.21
18.6	4.09
19.1	4.1
18.8	3.98
18.1	3.83
17.8	3.74
17.5	3.65
17.2	3.56
17	3.47
16.9	3.4
16.6	3.33
16.4	3.26
16.1	3.19
16.7	3.24
16.3	2.97
14.3	2.98
14.7	2.95
15.6	2.93
15.6	-1
15.6	-1
15.9	-1
15	-1
11.3	-1
11.2	-1
12	-1
12.9	-1
12.9	-1
11.8	-1
10.1	-1
8.84	-1
10.6	-1
12.6	-1
12.7	-1
12	-1
10.9	-1
9.56	-1
8.1	-1
6.82	-1
6.11	-1
6.5	-1
7.55	-1
8.75	-1
9.52	-1
9.4	-1
8.73	-1
8.27	-1
8.68	-1
9.58	-1
9.99	-1
9.33	-1
7.99	-1
6.63	-1
5.86	-1
5.85	-1
6.23	-1
6.93	-1
7.83	-1
8.83	-1
9.86	-1
10.9	-1
11.4	-1
11.6	-1
11.6	-1
11.4	-1
11	-1
10	-1
8.77	-1
8.27	-1
8.65	-1
9	-1
9.27	-1
10.1	-1
9.96	-1
10.5	-1
10.2	-1
9.62	-1
9.32	-1
9.43	-1
9.1	-1
9	-1
8.76	-1
8.52	-1
7.75	-1
6.35	-1
6.39	-1
8.6	-1
9.47	-1
9.71	-1
9.54	-1
9.4	-1
9.27	-1
9.28	-1
9.12	-1
9.03	-1
8.98	-1
8.52	-1
8.08	-1
7.99	-1
7.39	-1
7.64	-1
7.93	-1
7.96	-1
7.83	-1
7.54	-1
7.01	-1
6.41	-1
6.09	-1
6.23	-1
6.55	-1
6.92	-1
7.42	-1
8.03	-1
7.86	-1
7.3	-1
7.11	-1
7.34	-1
7.74	-1
8.27	-1
8.57	-1
8.8	-1
8.83	-1
9.24	-1
10.5	-1
10.5	-1
10.4	-1
10.2	-1
9.9	-1
9.6	-1
9.31	-1
9.14	-1
8.86	-1
8.17	-1
7.37	-1
6.87	-1
7.59	-1
8.74	-1
9.54	-1
9.45	-1
7.77	-1
8.21	-1
8.74	-1
9.21	-1
9.35	-1
9.31	-1
9.07	-1
9.26	-1
9.76	-1
9.66	-1
9.42	-1
9.06	-1
9.16	-1
8.95	-1
9.08	-1
9.2	-1
9.23	-1
9.01	-1
8.95	-1
8.93	-1
8.38	-1
7.66	-1
8.47	-1
8.13	-1
8.17	-1
8.42	-1
7.99	-1
8.33	-1
8.53	-1
8.54	-1
8.25	-1
8.84	-1
9.09	-1
9.33	-1
9.5	-1
9.59	-1
9.63	-1
9.63	-1
9.6	-1
9.52	-1
9.4	-1
9.25	-1
9.09	-1
8.98	-1
8.9	-1
8.82	-1
8.79	-1
8.79	-1
8.81	-1
8.86	-1
8.93	-1
9	-1
9.09	-1
9.19	-1
9.3	-1
9.42	-1
9.54	-1
9.62	-1
9.77	-1
9.79	-1
10.1	-1
11.5	2.23
15.6	2.77
18.8	2.65
17.4	2.54
16.7	2.42
16.2	2.19
15.2	2.15
14.9	2.33
15	2.46
15.6	2.67
15.4	2.6
15.4	2.98
15.7	3.5
17.7	4.14
22.6	5.3
32.3	6.83
40.6	8.34
50.1	10.5
58.5	12.3
62.4	13.6
66.6	14.7
74.9	16.8
95.9	21.6
122	28.1
121	30.2
115	32.7
115	32
110	29.8
107	27.3
99	25.2
96.8	24.1
99.8	24.6
110	27
122	30.2
137	33.7
145	36.3
130	32.5
116	28.2
109	25.7
115	27.9
122	28.5
115	26.6
112	25.9
115	26.1
120	26
124	27.4
131	29.3
136	29.7
128	27.8
138	30.5
159	36.5
169	38.8
161	38.2
151	37.6
152	38.3
171	42
178	42.9
158	39.2
158	39.8
159	39
151	35.5
137	33.4
137	34.1
144	38.4
167	43.3
174	42.4
144	39.9
143	39.7
133	38.2
127	37.9
125	37.4
116	34
108	32
104	31.3
104	33.1
109	36.2
109	37.3
109	37.2
106	35.1
98.9	37.9
119	55.4
117	48.3
105	40
93.4	34.8
91.9	35.5
91.9	33.1
83.6	27.5
76	24.4
72.3	23.5
71.9	24.4
72.9	25.8
74.5	27.4
74.8	27.6
74.2	27.9
74.5	27.9
75.2	27.5
72.3	26.3
70.2	26.3
69.2	25.9
68.2	26.9
70.1	25.2
64.4	23.2
62.4	23.1
62.7	24.1
64.1	25.6
65.2	25.9
66.2	26.4
67.4	28.5
67.5	27.9
66.3	27.8
66.4	27.2
65.4	24.7
63.1	21.7
59.4	19.3
55.8	17.3
52.7	15.7
50.5	15
48.9	15.5
49.9	17.4
52.6	19.9
56.6	20.3
57.4	20.6
55.9	17.2
51.3	14.2
49.7	14.6
52.9	13.8
49.8	11.7
46.4	10.5
43.9	10.1
42.5	10
48.3	14.7
58.9	14
55.2	12.8
51.3	11.2
48.8	10.3
46.4	9.6
44.5	9.05
43.4	8.58
42.8	8.36
42.4	8.37
42.1	9.57
45.1	12.6
48	13.1
47.4	13.3
46.4	13.8
47.7	16
51.8	18.5
57.8	20.8
57.8	21.2
57.4	18.5
53.4	15.8
49.9	13.6
47.9	12.6
46.3	11
44	9.98
41.4	8.82
39.8	8.43
38.9	8.28
37.8	8.82
38.1	8.52
36.9	8.15
35.9	7.68
34.8	7.29
34	7.34
33.5	6.75
32.2	6.27
31.2	6.02
31.4	5.94
31	5.85
30.2	5.69
29.3	5.52
28.7	5.39
28	5.26
28.2	5.63
28.9	5.59
29.8	6.69
32.3	6.63
30.1	6.11
30.1	6.51
30.5	6.12
28.4	5.63
27.3	5.66
26.8	5.46
26.2	5.5
27.4	-1
28.2	-1
26.9	-1
26.7	-1
26.7	-1
26	-1
29.2	-1
29.6	-1
28.9	-1
26.2	-1
18.2	-1
13.2	-1
11.9	-1
11	-1
11.1	-1
12.3	-1
13.3	-1
13.5	-1
13.6	-1
14.3	-1
17.1	-1
18.1	-1
17.7	-1
17.1	-1
16.8	-1
16.8	-1
16.8	-1
14.9	-1
11.6	-1
11.5	-1
12.4	-1
15	-1
15.4	-1
16	-1
15.5	-1
15.6	-1
17	-1
16.6	-1
16.1	-1
15.8	-1
15.1	-1
14.5	-1
13.9	-1
13	-1
10.7	-1
10.2	-1
10.9	-1
12.1	-1
12.5	-1
12.1	-1
11.7	-1
11.4	-1
11	-1
10.8	-1
9.96	-1
9.44	-1
8.06	-1
7.74	-1
7.48	-1
7.57	-1
8.37	-1
10.1	-1
12.2	-1
13	-1
13.2	-1
12.8	-1
11.4	-1
10.8	-1
10.2	-1
9.59	-1
9.41	-1
9.65	-1
9.61	-1
9.25	-1
9.41	-1
9.52	-1
9.82	-1
9.89	-1
9.91	-1
10.1	-1
9.9	-1
9.29	-1
9.49	-1
9.54	-1
9.57	-1
9.67	-1
10	-1
9.77	-1
9.75	-1
8.78	-1
7.95	-1
7.48	-1
7.18	-1
7.35	-1
7.79	-1
8.48	-1
9.2	-1
9.64	-1
10.2	-1
10.3	-1
10.5	-1
10.6	-1
10.6	-1
10.5	-1
10.7	-1
10.8	-1
9.94	-1
8.8	-1
8.61	-1
9.75	-1
10.2	-1
10.2	-1
10.1	-1
7.78	-1
8.57	-1
10.1	-1
9.88	-1
8.6	-1
7.79	-1
7.16	-1
7.37	-1
8.61	-1
7.13	-1
6.59	-1
7.95	-1
9.13	-1
9.38	-1
9.26	-1
9.49	-1
9.54	-1
9.54	-1
9.53	-1
9.71	-1
9.96	-1
10	-1
9.83	-1
9.51	-1
9.58	-1
9.68	-1
9.71	-1
9.86	-1
10.1	-1
10.1	-1
9.81	-1
9.53	-1
9.57	-1
10	-1
11.1	-1
12	-1
11.8	-1
11.8	-1
11.6	-1
11	-1
10.8	-1
10.6	-1
10.5	-1
10.3	-1
10.1	-1
9.87	-1
9.8	-1
9.89	-1
9.96	-1
9.99	-1
9.65	-1
9.67	-1
9.53	-1
9.47	-1
9.7	-1
9.9	-1
9.96	-1
10.1	-1
10.7	-1
12.1	-1
13.3	-1
13.4	-1
13.1	-1
12.7	-1
12.5	4.33
12.8	4.83
15.3	5.93
17.8	6.48
17.6	6.55
17.5	6.66
16.9	6.61
16.5	6.71
17	7.13
18.5	7.34
18.7	7.3
18.7	7.34
19.1	7.42
20.8	7.74
22.9	8.15
25.5	8.63
28.2	9.17
30	9.6
30.5	9.96
33.3	10.6
35.6	11.1
37	11.6
41.8	12.3
49.1	14.1
58.8	16.7
70	20.1
80.9	23.8
89.7	27.1
93.3	29.7
94.8	31.1
105	34
120	38.1
131	43.9
133	45.7
133	45.4
134	45.1
129	42.7
133	42.8
136	42.1
130	40.8
127	40.8
129	42.2
136	46
151	51.6
145	50.2
132	45.8
121	42
108	36.1
94.1	30.5
82.1	25.5
74.6	23.1
72.5	22.3
74.1	22.5
77.1	25.6
80.2	25.9
76	23.7
70.7	21.9
67.3	21.5
66.1	22
66.8	23.7
70.3	27.3
78.4	31.3
81.9	34.1
86.8	36.4
90.9	37.9
94.7	40.1
90.8	36.8
85.3	35.3
82.7	34.4
78	31.1
71.2	27.3
66.3	25.8
64.5	25.8
64.4	27.2
66.2	28.8
69	31
72.2	32.1
72.3	32.3
69.5	30.9
66.8	28.9
66.1	28.3
65	25.9
62.9	23.8
60.7	24.3
61.1	25.5
62.8	28.3
62.7	26.7
58.9	23.7
55.4	21.4
54	22.6
59.1	21.6
54.8	19
51	17.3
48.1	17.4
48.2	17.8
47.8	19.3
49.2	21.1
50.6	22.2
51.3	22.9
52.9	23.6
55.5	22.9
54.4	21
51.5	20.7
49.8	20
48.6	20.1
48.3	20.2
48	20.6
48.5	21.8
50	23
51.2	22.8
57.5	26.1
61.3	23.1
57	20.3
52.1	18.9
49.3	19
48.8	19.3
52	21.3
56.3	18.5
49.1	15.9
45.1	14.8
43.1	14.2
41.4	14
40.3	14.3
40.3	14.4
40.5	15.9
43.6	17.1
43.6	15.7
41	15.9
43.3	17.6
47.7	16.6
43.5	15
40.5	13.8
41.1	13.5
40.2	12.6
38	11.9
37.1	11.8
37.1	11.6
36.8	11.6
37.2	12.1
39.9	13.1
42.2	13.3
43.9	13.7
42.3	13.2
39.4	12.2
37	11.5
35.5	11.2
37.3	19.1
81.1	35
81.6	30.9
71.4	25.4
62.7	21
56.1	18.5
63	23.9
64.1	20.3
57.2	17.6
52.6	15.7
49.2	14.5
46.3	13.5
43.6	12.7
43.5	12
41.1	11.3
39.3	10.7
37.5	10.2
35.8	9.91
34.6	9.65
33.7	9.84
33.6	11.9
48.2	17.9
51.2	16.1
47	14.4
43.4	12.9
40.4	11.8
38.2	11
36.5	10.4
35.2	9.95
34.5	9.9
34.2	9.69
33	9.26
31.8	8.9
30.6	8.54
29.6	8.25
28	7.21
27.5	5.92
27.3	5.37
26.3	5.27
25.7	5.19
25.3	5.17
25.2	5.18
25.4	-1
24.9	-1
22.9	-1
20.6	-1
19.8	-1
19.8	-1
20.6	-1
20.8	-1
20.6	-1
18.4	-1
20.1	-1
18.5	-1
19	-1
19.7	-1
20.4	-1
19.7	-1
17.8	-1
17.1	-1
17.1	-1
16.4	-1
14.5	-1
15.8	-1
15.2	-1
15.6	-1
13.6	-1
10.8	-1
10.5	-1
11.8	-1
12.7	-1
13.3	-1
13.3	-1
13.4	-1
14	-1
15.8	-1
16.3	-1
15.9	-1
15.8	-1
15.7	-1
15.5	-1
15.5	-1
15.1	-1
14.9	-1
14.5	-1
14	-1
12.9	-1
11.6	-1
9.56	-1
9.96	-1
12.4	-1
12.8	-1
12.9	-1
12.2	-1
12.3	-1
11.5	-1
10.9	-1
9.71	-1
9.75	-1
10.2	-1
10.7	-1
9.11	-1
8.28	-1
8.19	-1
8.93	-1
9.84	-1
10.3	-1
10.8	-1
11.2	-1
11.5	-1
11.1	-1
9.88	-1
9.53	-1
10.3	-1
11	-1
11.8	-1
12.1	-1
12.2	-1
12	-1
11.9	-1
12.1	-1
12.3	-1
12.2	-1
12.1	-1
12.4	-1
12.4	-1
12	-1
11.1	-1
10.9	-1
11.4	-1
11.4	-1
11.4	-1
11.3	-1
11.2	-1
11.1	-1
10.9	-1
9.96	-1
10.5	-1
11	-1
11.3	-1
10.8	-1
10.8	-1
10.9	-1
10.7	-1
10.7	-1
10.8	-1
10.8	-1
10.8	-1
10.8	-1
10.8	-1
10.6	-1
10.8	-1
10.9	-1
10.8	-1
10.4	-1
9.66	-1
10	-1
9.48	-1
9.53	-1
9.9	-1
10	-1
9.7	-1
9.81	-1
9.57	-1
9.6	-1
9.62	-1
9.46	-1
9.54	-1
9.52	-1
9.38	-1
9.46	-1
9.19	-1
9.14	-1
9.02	-1
9.09	-1
9.12	-1
9.04	-1
8.82	-1
8.49	-1
7.95	-1
7.81	-1
7.83	-1
8.2	-1
8.47	-1
8.35	-1
8.21	-1
8.23	-1
8.14	-1
7.97	-1
7.87	-1
7.7	-1
7.71	-1
7.71	-1
7.97	-1
8.26	-1
8.73	-1
9.29	-1
9.77	-1
9.76	-1
9.59	-1
9.68	-1
10.1	-1
10.9	-1
12.2	-1
12.7	-1
13	-1
13	-1
12.9	-1
12.6	-1
12.4	-1
12.7	-1
14	-1
16.6	-1
20.5	-1
26.1	-1
32.6	-1
42.5	-1
49.4	-1
52.5	14.8
50.6	14.8
48.5	14.2
45.8	13.6
44	13.2
42.9	12.9
40.7	12.4
42.4	12.6
51.6	14.2
64.6	16.7
72.6	20
79.3	22.5
80.4	22.6
86.3	23.3
80.7	21.4
69.6	18.4
61.7	16.4
59.6	16
54.2	14.3
49.2	12.7
46.2	11.8
45.6	11.4
48.2	11.8
53.4	13
64.5	16
71.2	17.7
70.3	18.1
74.9	19.2
78.5	18.6
71.5	17
70.3	17
75.3	18.4
80	20.2
80.2	19.8
72.4	18
67.4	16.2
61.9	14.6
59.1	13.8
59.2	14
63	15
67.1	16.9
78.6	21.4
89.2	26.4
102	31.8
107	34.9
107	37.2
102	35.4
98	32.1
86.5	26.5
74.3	21.6
69.8	18.8
65.6	16.5
59.7	14.4
54.4	13
50.6	12.1
53.4	12.8
52	12.4
52.1	13
54.9	14.1
57.5	15.9
62.1	17.8
67.5	20.4
70.8	21.9
69.5	22.1
68.9	22.5
70	23.5
74.1	26.9
78.3	27.5
75	26.7
72.9	26.9
72.1	26.3
67.3	23.1
62.2	20.9
57.5	18.9
54.2	17.7
52.9	17.8
53.7	18.8
53.6	19.6
57.7	22
67	26.7
73.2	27.9
74.8	31
89.5	37.2
96.1	36.5
87.6	33.4
81.7	32.5
78.4	31.9
72.4	29.4
67.6	27.3
64.2	26.1
61.6	25.7
60.6	26.7
62.4	28.7
62.6	28.6
61.8	28.3
61.5	28.9
62.5	29.7
66.5	29.9
62.1	27.5
57	24.3
55.4	22.6
53	22.5
51.4	21.8
51.8	21.8
55.6	22.7
56.9	23.2
57.1	22.8
55.7	22.8
58.2	24.1
56.9	23.8
55	23.2
53.8	23.3
54.4	24
53	23.8
52.7	23.8
52	22.1
49	20.1
46.5	19.5
45.9	19.6
47.2	20.5
48.8	17.6
44.7	15
41.8	13.6
40.3	13.1
39.6	13.8
43.2	15.3
42.9	15.9
42.3	16.6
44.2	19.2
45.8	18.6
44.2	18.3
46.2	16.9
42.9	14.1
39.6	12.1
37.5	11.3
37.3	11
37.3	11.5
37.4	10.5
35.4	10.7
39.8	11.9
40.2	10.8
37.8	9.92
36.1	9.3
34.7	8.95
33.7	8.67
33.2	9.87
37.2	11.2
37.1	10.2
37.6	10.3
38	10
36.5	9.37
36.3	8.92
35.8	8.63
34.6	8.05
33.3	7.72
33	8.79
35.1	8.88
34.6	8.6
34.1	8.7
38.6	11.2
48	12.2
45.1	11.1
42.5	10.2
40.6	9.46
38.4	8.79
36.6	8.42
36.1	8.53
39	9.26
38	8.54
35.2	7.59
32.6	6.67
31.1	6.47
32.1	6.8
32.5	7.1
32.4	7.34
31.9	7.13
30.8	6.7
29.5	6.29
28.3	6.01
27.7	5.79
26.7	5.49
25.5	5.17
24.8	5.03
24.4	5.04
24.5	5
25.1	5.17
25.7	4.97
24.4	4.93
23.5	4.91
22.7	4.89
22.9	-1
22.5	-1
22.1	-1
21.8	-1
21.3	-1
21.4	-1
22.4	-1
21.9	-1
21.7	-1
21.8	-1
21.4	-1
21.7	-1
23.5	-1
23.3	-1
23.1	-1
22.7	-1
20.4	-1
20.2	-1
19.9	-1
20.4	-1
20.6	-1
20.2	-1
18.1	-1
19	-1
18.9	-1
18.6	-1
18.3	-1
17.5	-1
20.1	-1
14.4	-1
16.1	-1
15.4	-1
14.9	-1
15.9	-1
14.1	-1
11.2	-1
9.05	-1
8	-1
7.96	-1
9.43	-1
11.1	-1
12.1	-1
11.5	-1
10.7	-1
10.7	-1
11.2	-1
11.1	-1
11.1	-1
11.5	-1
12.3	-1
13.8	-1
14.6	-1
14.3	-1
13.8	-1
12.8	-1
11.4	-1
11.7	-1
12.2	-1
11.8	-1
11.5	-1
11.2	-1
-1	-1
-1	-1
-1	-1
-1	-1
-1	-1
-1	-1
-1	-1
-1	-1
-1	-1
-1	-1
-1	-1
-1	-1
-1	-1
-1	-1
-1	-1
-1	-1
-1	-1
-1	-1
-1	-1
-1	-1
-1	-1
-1	-1
-1	-1
-1	-1
-1	-1
-1	-1
-1	-1
-1	-1
-1	-1
-1	-1
-1	-1
-1	-1
-1	-1
-1	-1
-1	-1
-1	-1
-1	-1
-1	-1
-1	-1
-1	-1
-1	-1
-1	-1
-1	-1
-1	-1
-1	-1
-1	-1
-1	-1
-1	-1
-1	-1
-1	-1
-1	-1
-1	-1
-1	-1
-1	-1
-1	-1
-1	-1
-1	-1
-1	-1
-1	-1
-1	-1
-1	-1
-1	-1
-1	-1
-1	-1
-1	-1
-1	-1
-1	-1
-1	-1
-1	-1
-1	-1
-1	-1
-1	-1
-1	-1
-1	-1
-1	-1
-1	-1
-1	-1
-1	-1
-1	-1
-1	-1
-1	-1
-1	-1
-1	-1
-1	-1
-1	-1
-1	-1
-1	-1
-1	-1
-1	-1
-1	-1
-1	-1
-1	-1
-1	-1
-1	-1
-1	-1
-1	-1
-1	-1
-1	-1
-1	-1
-1	-1
-1	-1
-1	-1
-1	-1
-1	-1
-1	-1
-1	-1
-1	-1
-1	-1
-1	-1
-1	-1
-1	-1
-1	-1
-1	-1
-1	-1
-1	-1
-1	-1
-1	-1
-1	-1
-1	-1
-1	-1
-1	-1
-1	-1
-1	-1
-1	-1
-1	-1
-1	-1
-1	-1
-1	-1
-1	-1
-1	-1
-1	-1
-1	-1
-1	-1
-1	-1
-1	-1
-1	-1
-1	-1
-1	-1
-1	-1
-1	-1
-1	-1
-1	-1
-1	-1
-1	-1
-1	-1
-1	-1
-1	-1
-1	-1
-1	-1
-1	-1
-1	-1
-1	-1
-1	-1
-1	-1
-1	-1
-1	-1
-1	-1
-1	-1
-1	-1
-1	-1
-1	-1
-1	-1
-1	-1
-1	-1
-1	-1
-1	-1
-1	-1
-1	-1
-1	-1
-1	-1
-1	-1
-1	-1
-1	-1
-1	-1
-1	-1
-1	-1
-1	-1
-1	-1
-1	-1
-1	-1
-1	-1
-1	-1
-1	-1
-1	-1
-1	-1
-1	-1
-1	-1
-1	-1
-1	-1
-1	-1
-1	-1
-1	-1
-1	-1
-1	-1
-1	-1
-1	-1
-1	-1
-1	-1
-1	-1
-1	-1
-1	-1
-1	-1
-1	-1
-1	-1
-1	-1
-1	-1
-1	-1
-1	-1
-1	-1
-1	-1
-1	-1
-1	-1
-1	-1
-1	-1
-1	-1
-1	-1
-1	-1
-1	-1
-1	-1
-1	-1
-1	-1
-1	-1
-1	-1
-1	-1
-1	-1
-1	-1
-1	-1
-1	-1
-1	-1
-1	-1
-1	-1
-1	-1
-1	-1
-1	-1
-1	-1
-1	-1
-1	-1
-1	-1
-1	-1
-1	-1
-1	-1
-1	-1
-1	-1
-1	-1
-1	-1
-1	-1
-1	-1
-1	-1
-1	-1
-1	-1
-1	-1
-1	-1
-1	-1
-1	-1
-1	-1
-1	-1
-1	-1
-1	-1
-1	-1
-1	-1
-1	-1
-1	-1
-1	-1
-1	-1
-1	-1
-1	-1
-1	-1
-1	-1
-1	-1
-1	-1
-1	-1
-1	-1
-1	-1
-1	-1
-1	-1
-1	-1
-1	-1
-1	-1
-1	-1
-1	-1
-1	-1
-1	-1
-1	-1
-1	-1
-1	-1
-1	-1
-1	-1
-1	-1
-1	-1
-1	-1
-1	-1
-1	-1
-1	-1
-1	-1
-1	-1
-1	-1
-1	-1
-1	-1
-1	-1
-1	-1
-1	-1
-1	-1
-1	-1
-1	-1
-1	-1
-1	-1
-1	-1
-1	-1
-1	-1
-1	-1
-1	-1
-1	-1
-1	-1
-1	-1
-1	-1
-1	-1
-1	-1
-1	-1
-1	-1
-1	-1
-1	-1
-1	-1
-1	-1
-1	-1
-1	-1
-1	-1
-1	-1
-1	-1
-1	-1
-1	-1
-1	-1
-1	-1
-1	-1
-1	-1
-1	-1
-1	-1
-1	-1
-1	-1
-1	-1
-1	-1
-1	-1
-1	-1
-1	-1
-1	-1
-1	-1
-1	-1
-1	-1
-1	-1
-1	-1
-1	-1
-1	-1
-1	-1
-1	-1
-1	-1
-1	-1
-1	-1
-1	-1
-1	-1
-1	-1
-1	-1
-1	-1
-1	-1
-1	-1
-1	-1
-1	-1
-1	-1
-1	-1
-1	-1
-1	-1
-1	-1
-1	-1
-1	-1
-1	-1
-1	-1
-1	-1
-1	-1
-1	-1
-1	-1
-1	-1
-1	-1
-1	-1
-1	-1
-1	-1
-1	-1
-1	-1
-1	-1
-1	-1
-1	-1
-1	-1
-1	-1
-1	-1
-1	-1
-1	-1
-1	-1
-1	-1
-1	-1
-1	-1
-1	-1
-1	-1
-1	-1
-1	-1
-1	-1
-1	-1
-1	-1
-1	-1
-1	-1
-1	-1
-1	-1
-1	-1
-1	-1
-1	-1
-1	-1
-1	-1
-1	-1
-1	-1
-1	-1
-1	-1
-1	-1
-1	-1
-1	-1
-1	-1
-1	-1
-1	-1
-1	-1
-1	-1
-1	-1
-1	-1
-1	-1
-1	-1
-1	-1
-1	-1
-1	-1
-1	-1
-1	-1
-1	-1
-1	-1
-1	-1
-1	-1
-1	-1
-1	-1
-1	-1
-1	-1
-1	-1
-1	-1
-1	-1
-1	-1
-1	-1
-1	-1
-1	-1
-1	-1
-1	-1
-1	-1
-1	-1
-1	-1
-1	-1
-1	-1
-1	-1
-1	-1
-1	-1
-1	-1
-1	-1
-1	-1
-1	-1
-1	-1
-1	-1
-1	-1
-1	-1
-1	-1
-1	-1
-1	-1
-1	-1
-1	-1
-1	-1
-1	-1
-1	-1
-1	-1
-1	-1
-1	-1
-1	-1
-1	-1
-1	-1
-1	-1
-1	-1
-1	-1
-1	-1
-1	4.51
-1	4.24
-1	4.71
-1	5.41
-1	6.48
-1	7.99
-1	9.61
-1	11.5
-1	13.7
-1	15.6
-1	18.4
-1	19.4
-1	21.8
-1	26.3
-1	30.8
-1	34.8
-1	36.5
-1	35.3
-1	33.6
-1	33.5
-1	34.5
-1	36.1
-1	38.5
-1	42
-1	45.6
-1	48
-1	47.5
-1	45
-1	44.1
-1	41.5
-1	35.5
-1	30.6
-1	26.6
-1	24.2
-1	26.9
-1	27.1
-1	24.3
-1	22.4
-1	23.3
-1	27.1
-1	32.6
-1	31.6
-1	26.7
-1	22.8
-1	21.2
-1	20.2
-1	19.8
-1	20
-1	21.5
-1	24.5
-1	29
-1	35.4
-1	41.4
-1	46.5
-1	45.1
-1	45.8
-1	44
-1	36.4
-1	30.4
-1	26.7
-1	24.6
-1	23.6
-1	21.9
-1	21.6
-1	20.9
-1	20.4
-1	23.8
-1	37.9
-1	38.1
-1	35.3
-1	33.8
-1	33.6
-1	32.5
-1	31.9
-1	35.2
-1	34
-1	31.6
-1	31
-1	32.2
-1	32.7
-1	31.8
-1	28.4
-1	24.6
-1	22.7
-1	21.6
-1	20.9
-1	20.8
-1	20.9
-1	21.1
-1	21.9
-1	23.2
-1	24.6
-1	26.7
-1	27.2
-1	24.8
-1	22.6
-1	20.9
-1	20.6
-1	21.8
-1	22.4
-1	23.5
-1	25.4
-1	26.8
-1	28.6
-1	26.3
-1	24
-1	22.3
-1	21.6
-1	21
-1	19.9
-1	18.4
-1	18
-1	17.8
-1	18.5
-1	18.7
-1	18
-1	16
-1	14.4
-1	12.7
-1	11
-1	10.5
-1	10.7
-1	9.92
-1	9.32
-1	8.49
-1	9.09
-1	8.32
-1	7.8
-1	7.57
-1	7.77
-1	8.64
-1	8.24
-1	8.91
-1	8.49
-1	7.99
-1	8.79
-1	8.81
-1	8.8
-1	9.16
-1	9.44
-1	8.87
-1	8.31
-1	7.94
-1	8.49
-1	10.4
-1	11.6
-1	10.9
-1	9.81
-1	9.03
-1	8.61
-1	8.13
-1	7.65
-1	7.09
-1	7.21
-1	7.24
-1	6.82
-1	6.46
-1	6.06
-1	5.75
-1	5.49
-1	5.33
-1	5.16
-1	4.97
-1	4.76
-1	4.72
-1	4.64
-1	4.4
-1	4.31
-1	4.23
-1	4.14
-1	4.08
-1	4.04
-1	3.99
-1	3.92
-1	3.82
-1	3.75
-1	3.76
-1	3.77
-1	3.87
-1	3.86
-1	3.8
-1	3.79
-1	3.71
-1	3.64
-1	3.59
-1	-1
-1	-1
-1	-1
-1	-1
-1	-1
-1	-1
-1	-1
-1	-1
-1	-1
-1	-1
-1	-1
-1	-1
-1	-1
-1	-1
-1	-1
-1	-1
-1	-1
-1	-1
-1	-1
-1	-1
-1	-1
-1	-1
-1	-1
-1	-1
-1	-1
-1	-1
-1	-1
-1	-1
-1	-1
-1	-1
-1	-1
-1	-1
-1	-1
-1	-1
-1	-1
-1	-1
-1	-1
-1	-1
-1	-1
-1	-1
-1	-1
-1	-1
-1	-1
-1	-1
-1	-1
-1	-1
-1	-1
-1	-1
-1	-1
-1	-1
-1	-1
-1	-1
-1	-1
-1	-1
-1	-1
-1	-1
-1	-1
-1	-1
-1	-1
-1	-1
-1	-1
-1	-1
-1	-1
-1	-1
-1	-1
-1	-1
-1	-1
-1	-1
-1	-1
-1	-1
-1	-1
-1	-1
-1	-1
-1	-1
-1	-1
-1	-1
-1	-1
-1	-1
-1	-1
-1	-1
-1	-1
-1	-1
-1	-1
-1	-1
-1	-1
-1	-1
-1	-1
-1	-1
-1	-1
-1	-1
-1	-1
-1	-1
-1	-1
-1	-1
-1	-1
-1	-1
-1	-1
-1	-1
-1	-1
-1	-1
-1	-1
-1	-1
-1	-1
-1	-1
-1	-1
-1	-1
-1	-1
-1	-1
-1	-1
-1	-1
-1	-1
-1	-1
-1	-1
-1	-1
-1	-1
-1	-1
-1	-1
-1	-1
-1	-1
-1	-1
-1	-1
-1	-1
-1	-1
-1	-1
-1	-1
-1	-1
-1	-1
-1	-1
-1	-1
-1	-1
-1	-1
-1	-1
-1	-1
-1	-1
-1	-1
-1	-1
-1	-1
-1	-1
-1	-1
-1	-1
-1	-1
-1	-1
-1	-1
-1	-1
-1	-1
-1	-1
-1	-1
-1	-1
-1	-1
-1	-1
-1	-1
-1	-1
-1	-1
-1	-1
-1	-1
-1	-1
-1	-1
-1	-1
-1	-1
-1	-1
-1	-1
-1	-1
-1	-1
-1	-1
-1	-1
-1	-1
-1	-1
-1	-1
-1	-1
-1	-1
-1	-1
-1	-1
-1	-1
-1	-1
-1	-1
-1	-1
-1	-1
-1	-1
-1	-1
-1	-1
-1	2.08
-1	2.12
-1	2.23
-1	2.38
-1	2.55
-1	2.66
-1	2.88
-1	3.15
-1	3.5
-1	4.2
-1	5.44
-1	7.46
-1	9.39
-1	11
-1	13.1
-1	15
-1	15.4
-1	15
-1	14
-1	13.1
-1	12.2
-1	11.4
-1	11.6
-1	12.6
-1	13.9
-1	14
-1	14
-1	15.1
-1	18.1
-1	24.7
-1	32.5
-1	39.8
-1	45
-1	48.7
-1	47.4
-1	39.6
-1	33.4
-1	30.5
-1	25.8
-1	21.7
-1	19
-1	17.8
-1	19.3
-1	24
-1	31.2
-1	34.2
-1	35.2
-1	35.7
-1	39
-1	39.8
-1	34.9
-1	31.1
-1	27.5
-1	25.6
-1	24.5
-1	22.7
-1	22.1
-1	22.9
-1	25.1
-1	23.7
-1	21.4
-1	20.8
-1	24.3
-1	24.3
-1	25.3
-1	26.4
-1	25.5
-1	27.1
-1	27.1
-1	27.2
-1	27.7
-1	30.3
-1	30.8
-1	30.9
-1	31.5
-1	31.2
-1	29.5
-1	29.5
-1	32.9
-1	29.2
-1	24.7
-1	21.8
-1	21.5
-1	23.4
-1	29.4
-1	31.1
-1	28.6
-1	28.2
-1	26.8
-1	24.4
-1	22.5
-1	21.4
-1	21.4
-1	22.3
-1	23.3
-1	21.5
-1	20.5
-1	20.6
-1	23.1
-1	23.5
-1	23.2
-1	22.6
-1	23.3
-1	23.6
-1	23.6
-1	22.4
-1	20.7
-1	21
-1	19.6
-1	19
-1	18.1
-1	17.4
-1	18
-1	19.9
-1	18.7
-1	19.5
-1	18.5
-1	16.9
-1	15.2
-1	15.6
-1	15.6
-1	15.6
-1	17.2
-1	17.8
-1	19.8
-1	19.1
-1	19.6
-1	18.9
-1	17.6
-1	17.5
-1	16.5
-1	16.9
-1	15.5
-1	13.9
-1	12.7
-1	14.2
-1	13.6
-1	13.8
-1	14.5
-1	14.4
-1	13.1
-1	11.8
-1	10.7
-1	9.86
-1	9.44
-1	9.73
-1	9.38
-1	8.68
-1	8.54
-1	8.03
-1	7.33
-1	6.65
-1	6.22
-1	5.92
-1	5.66
-1	5.45
-1	5.24
-1	5.05
-1	4.84
-1	4.7
-1	5.05
-1	4.67
-1	4.38
-1	4.31
-1	4.29
-1	4.28
-1	4.21
-1	4.05
-1	4
-1	4.38
-1	4.26
-1	4.22
-1	4
-1	3.91
-1	3.82
-1	3.69
-1	3.57
-1	3.68
-1	3.74
-1	3.54
-1	3.39
-1	3.43
-1	3.55
-1	3.54
